Laver Table for N = 4
   2   12   14   16    2   12   14   16    2   12   14   16    2   12   14   16 
   3   12   15   16    3   12   15   16    3   12   15   16    3   12   15   16 
   4    8   12   16    4    8   12   16    4    8   12   16    4    8   12   16 
   5    6    7    8   13   14   15   16    5    6    7    8   13   14   15   16 
   6    8   14   16    6    8   14   16    6    8   14   16    6    8   14   16 
   7    8   15   16    7    8   15   16    7    8   15   16    7    8   15   16 
   8   16    8   16    8   16    8   16    8   16    8   16    8   16    8   16 
   9   10   11   12   13   14   15   16    9   10   11   12   13   14   15   16 
  10   12   14   16   10   12   14   16   10   12   14   16   10   12   14   16 
  11   12   15   16   11   12   15   16   11   12   15   16   11   12   15   16 
  12   16   12   16   12   16   12   16   12   16   12   16   12   16   12   16 
  13   14   15   16   13   14   15   16   13   14   15   16   13   14   15   16 
  14   16   14   16   14   16   14   16   14   16   14   16   14   16   14   16 
  15   16   15   16   15   16   15   16   15   16   15   16   15   16   15   16 
  16   16   16   16   16   16   16   16   16   16   16   16   16   16   16   16 
   1    2    3    4    5    6    7    8    9   10   11   12   13   14   15   16 
