Laver Table for N = 5
   2   12   14   16   18   28   30   32    2   12   14   16   18   28   30   32    2   12   14   16   18   28   30   32    2   12   14   16   18   28   30   32 
   3   12   15   16   19   28   31   32    3   12   15   16   19   28   31   32    3   12   15   16   19   28   31   32    3   12   15   16   19   28   31   32 
   4    8   12   16   20   24   28   32    4    8   12   16   20   24   28   32    4    8   12   16   20   24   28   32    4    8   12   16   20   24   28   32 
   5    6    7    8   13   14   15   16   21   22   23   24   29   30   31   32    5    6    7    8   13   14   15   16   21   22   23   24   29   30   31   32 
   6   24   30   32    6   24   30   32    6   24   30   32    6   24   30   32    6   24   30   32    6   24   30   32    6   24   30   32    6   24   30   32 
   7   24   31   32    7   24   31   32    7   24   31   32    7   24   31   32    7   24   31   32    7   24   31   32    7   24   31   32    7   24   31   32 
   8   16   24   32    8   16   24   32    8   16   24   32    8   16   24   32    8   16   24   32    8   16   24   32    8   16   24   32    8   16   24   32 
   9   10   11   12   13   14   15   16   25   26   27   28   29   30   31   32    9   10   11   12   13   14   15   16   25   26   27   28   29   30   31   32 
  10   28   30   32   10   28   30   32   10   28   30   32   10   28   30   32   10   28   30   32   10   28   30   32   10   28   30   32   10   28   30   32 
  11   28   31   32   11   28   31   32   11   28   31   32   11   28   31   32   11   28   31   32   11   28   31   32   11   28   31   32   11   28   31   32 
  12   16   28   32   12   16   28   32   12   16   28   32   12   16   28   32   12   16   28   32   12   16   28   32   12   16   28   32   12   16   28   32 
  13   14   15   16   29   30   31   32   13   14   15   16   29   30   31   32   13   14   15   16   29   30   31   32   13   14   15   16   29   30   31   32 
  14   16   30   32   14   16   30   32   14   16   30   32   14   16   30   32   14   16   30   32   14   16   30   32   14   16   30   32   14   16   30   32 
  15   16   31   32   15   16   31   32   15   16   31   32   15   16   31   32   15   16   31   32   15   16   31   32   15   16   31   32   15   16   31   32 
  16   32   16   32   16   32   16   32   16   32   16   32   16   32   16   32   16   32   16   32   16   32   16   32   16   32   16   32   16   32   16   32 
  17   18   19   20   21   22   23   24   25   26   27   28   29   30   31   32   17   18   19   20   21   22   23   24   25   26   27   28   29   30   31   32 
  18   28   30   32   18   28   30   32   18   28   30   32   18   28   30   32   18   28   30   32   18   28   30   32   18   28   30   32   18   28   30   32 
  19   28   31   32   19   28   31   32   19   28   31   32   19   28   31   32   19   28   31   32   19   28   31   32   19   28   31   32   19   28   31   32 
  20   24   28   32   20   24   28   32   20   24   28   32   20   24   28   32   20   24   28   32   20   24   28   32   20   24   28   32   20   24   28   32 
  21   22   23   24   29   30   31   32   21   22   23   24   29   30   31   32   21   22   23   24   29   30   31   32   21   22   23   24   29   30   31   32 
  22   24   30   32   22   24   30   32   22   24   30   32   22   24   30   32   22   24   30   32   22   24   30   32   22   24   30   32   22   24   30   32 
  23   24   31   32   23   24   31   32   23   24   31   32   23   24   31   32   23   24   31   32   23   24   31   32   23   24   31   32   23   24   31   32 
  24   32   24   32   24   32   24   32   24   32   24   32   24   32   24   32   24   32   24   32   24   32   24   32   24   32   24   32   24   32   24   32 
  25   26   27   28   29   30   31   32   25   26   27   28   29   30   31   32   25   26   27   28   29   30   31   32   25   26   27   28   29   30   31   32 
  26   28   30   32   26   28   30   32   26   28   30   32   26   28   30   32   26   28   30   32   26   28   30   32   26   28   30   32   26   28   30   32 
  27   28   31   32   27   28   31   32   27   28   31   32   27   28   31   32   27   28   31   32   27   28   31   32   27   28   31   32   27   28   31   32 
  28   32   28   32   28   32   28   32   28   32   28   32   28   32   28   32   28   32   28   32   28   32   28   32   28   32   28   32   28   32   28   32 
  29   30   31   32   29   30   31   32   29   30   31   32   29   30   31   32   29   30   31   32   29   30   31   32   29   30   31   32   29   30   31   32 
  30   32   30   32   30   32   30   32   30   32   30   32   30   32   30   32   30   32   30   32   30   32   30   32   30   32   30   32   30   32   30   32 
  31   32   31   32   31   32   31   32   31   32   31   32   31   32   31   32   31   32   31   32   31   32   31   32   31   32   31   32   31   32   31   32 
  32   32   32   32   32   32   32   32   32   32   32   32   32   32   32   32   32   32   32   32   32   32   32   32   32   32   32   32   32   32   32   32 
   1    2    3    4    5    6    7    8    9   10   11   12   13   14   15   16   17   18   19   20   21   22   23   24   25   26   27   28   29   30   31   32 
