Laver Table for N = 7
   2   12   14  112  114  124  126  128    2   12   14  112  114  124  126  128    2   12   14  112  114  124  126  128    2   12   14  112  114  124  126  128    2   12   14  112  114  124  126  128    2   12   14  112  114  124  126  128    2   12   14  112  114  124  126  128    2   12   14  112  114  124  126  128    2   12   14  112  114  124  126  128    2   12   14  112  114  124  126  128    2   12   14  112  114  124  126  128    2   12   14  112  114  124  126  128    2   12   14  112  114  124  126  128    2   12   14  112  114  124  126  128    2   12   14  112  114  124  126  128    2   12   14  112  114  124  126  128 
   3   12   15   48   51   60   63   64   67   76   79  112  115  124  127  128    3   12   15   48   51   60   63   64   67   76   79  112  115  124  127  128    3   12   15   48   51   60   63   64   67   76   79  112  115  124  127  128    3   12   15   48   51   60   63   64   67   76   79  112  115  124  127  128    3   12   15   48   51   60   63   64   67   76   79  112  115  124  127  128    3   12   15   48   51   60   63   64   67   76   79  112  115  124  127  128    3   12   15   48   51   60   63   64   67   76   79  112  115  124  127  128    3   12   15   48   51   60   63   64   67   76   79  112  115  124  127  128 
   4    8   12   80   84   88   92   96  100  104  108  112  116  120  124  128    4    8   12   80   84   88   92   96  100  104  108  112  116  120  124  128    4    8   12   80   84   88   92   96  100  104  108  112  116  120  124  128    4    8   12   80   84   88   92   96  100  104  108  112  116  120  124  128    4    8   12   80   84   88   92   96  100  104  108  112  116  120  124  128    4    8   12   80   84   88   92   96  100  104  108  112  116  120  124  128    4    8   12   80   84   88   92   96  100  104  108  112  116  120  124  128    4    8   12   80   84   88   92   96  100  104  108  112  116  120  124  128 
   5    6    7    8  109  110  111  112  117  118  119  120  125  126  127  128    5    6    7    8  109  110  111  112  117  118  119  120  125  126  127  128    5    6    7    8  109  110  111  112  117  118  119  120  125  126  127  128    5    6    7    8  109  110  111  112  117  118  119  120  125  126  127  128    5    6    7    8  109  110  111  112  117  118  119  120  125  126  127  128    5    6    7    8  109  110  111  112  117  118  119  120  125  126  127  128    5    6    7    8  109  110  111  112  117  118  119  120  125  126  127  128    5    6    7    8  109  110  111  112  117  118  119  120  125  126  127  128 
   6  120  126  128    6  120  126  128    6  120  126  128    6  120  126  128    6  120  126  128    6  120  126  128    6  120  126  128    6  120  126  128    6  120  126  128    6  120  126  128    6  120  126  128    6  120  126  128    6  120  126  128    6  120  126  128    6  120  126  128    6  120  126  128    6  120  126  128    6  120  126  128    6  120  126  128    6  120  126  128    6  120  126  128    6  120  126  128    6  120  126  128    6  120  126  128    6  120  126  128    6  120  126  128    6  120  126  128    6  120  126  128    6  120  126  128    6  120  126  128    6  120  126  128    6  120  126  128 
   7  120  127  128    7  120  127  128    7  120  127  128    7  120  127  128    7  120  127  128    7  120  127  128    7  120  127  128    7  120  127  128    7  120  127  128    7  120  127  128    7  120  127  128    7  120  127  128    7  120  127  128    7  120  127  128    7  120  127  128    7  120  127  128    7  120  127  128    7  120  127  128    7  120  127  128    7  120  127  128    7  120  127  128    7  120  127  128    7  120  127  128    7  120  127  128    7  120  127  128    7  120  127  128    7  120  127  128    7  120  127  128    7  120  127  128    7  120  127  128    7  120  127  128    7  120  127  128 
   8  112  120  128    8  112  120  128    8  112  120  128    8  112  120  128    8  112  120  128    8  112  120  128    8  112  120  128    8  112  120  128    8  112  120  128    8  112  120  128    8  112  120  128    8  112  120  128    8  112  120  128    8  112  120  128    8  112  120  128    8  112  120  128    8  112  120  128    8  112  120  128    8  112  120  128    8  112  120  128    8  112  120  128    8  112  120  128    8  112  120  128    8  112  120  128    8  112  120  128    8  112  120  128    8  112  120  128    8  112  120  128    8  112  120  128    8  112  120  128    8  112  120  128    8  112  120  128 
   9   10   11   12  109  110  111  112  121  122  123  124  125  126  127  128    9   10   11   12  109  110  111  112  121  122  123  124  125  126  127  128    9   10   11   12  109  110  111  112  121  122  123  124  125  126  127  128    9   10   11   12  109  110  111  112  121  122  123  124  125  126  127  128    9   10   11   12  109  110  111  112  121  122  123  124  125  126  127  128    9   10   11   12  109  110  111  112  121  122  123  124  125  126  127  128    9   10   11   12  109  110  111  112  121  122  123  124  125  126  127  128    9   10   11   12  109  110  111  112  121  122  123  124  125  126  127  128 
  10  124  126  128   10  124  126  128   10  124  126  128   10  124  126  128   10  124  126  128   10  124  126  128   10  124  126  128   10  124  126  128   10  124  126  128   10  124  126  128   10  124  126  128   10  124  126  128   10  124  126  128   10  124  126  128   10  124  126  128   10  124  126  128   10  124  126  128   10  124  126  128   10  124  126  128   10  124  126  128   10  124  126  128   10  124  126  128   10  124  126  128   10  124  126  128   10  124  126  128   10  124  126  128   10  124  126  128   10  124  126  128   10  124  126  128   10  124  126  128   10  124  126  128   10  124  126  128 
  11  124  127  128   11  124  127  128   11  124  127  128   11  124  127  128   11  124  127  128   11  124  127  128   11  124  127  128   11  124  127  128   11  124  127  128   11  124  127  128   11  124  127  128   11  124  127  128   11  124  127  128   11  124  127  128   11  124  127  128   11  124  127  128   11  124  127  128   11  124  127  128   11  124  127  128   11  124  127  128   11  124  127  128   11  124  127  128   11  124  127  128   11  124  127  128   11  124  127  128   11  124  127  128   11  124  127  128   11  124  127  128   11  124  127  128   11  124  127  128   11  124  127  128   11  124  127  128 
  12  112  124  128   12  112  124  128   12  112  124  128   12  112  124  128   12  112  124  128   12  112  124  128   12  112  124  128   12  112  124  128   12  112  124  128   12  112  124  128   12  112  124  128   12  112  124  128   12  112  124  128   12  112  124  128   12  112  124  128   12  112  124  128   12  112  124  128   12  112  124  128   12  112  124  128   12  112  124  128   12  112  124  128   12  112  124  128   12  112  124  128   12  112  124  128   12  112  124  128   12  112  124  128   12  112  124  128   12  112  124  128   12  112  124  128   12  112  124  128   12  112  124  128   12  112  124  128 
  13   14   15   80   93   94   95   96  109  110  111  112  125  126  127  128   13   14   15   80   93   94   95   96  109  110  111  112  125  126  127  128   13   14   15   80   93   94   95   96  109  110  111  112  125  126  127  128   13   14   15   80   93   94   95   96  109  110  111  112  125  126  127  128   13   14   15   80   93   94   95   96  109  110  111  112  125  126  127  128   13   14   15   80   93   94   95   96  109  110  111  112  125  126  127  128   13   14   15   80   93   94   95   96  109  110  111  112  125  126  127  128   13   14   15   80   93   94   95   96  109  110  111  112  125  126  127  128 
  14  112  126  128   14  112  126  128   14  112  126  128   14  112  126  128   14  112  126  128   14  112  126  128   14  112  126  128   14  112  126  128   14  112  126  128   14  112  126  128   14  112  126  128   14  112  126  128   14  112  126  128   14  112  126  128   14  112  126  128   14  112  126  128   14  112  126  128   14  112  126  128   14  112  126  128   14  112  126  128   14  112  126  128   14  112  126  128   14  112  126  128   14  112  126  128   14  112  126  128   14  112  126  128   14  112  126  128   14  112  126  128   14  112  126  128   14  112  126  128   14  112  126  128   14  112  126  128 
  15  112  127  128   15  112  127  128   15  112  127  128   15  112  127  128   15  112  127  128   15  112  127  128   15  112  127  128   15  112  127  128   15  112  127  128   15  112  127  128   15  112  127  128   15  112  127  128   15  112  127  128   15  112  127  128   15  112  127  128   15  112  127  128   15  112  127  128   15  112  127  128   15  112  127  128   15  112  127  128   15  112  127  128   15  112  127  128   15  112  127  128   15  112  127  128   15  112  127  128   15  112  127  128   15  112  127  128   15  112  127  128   15  112  127  128   15  112  127  128   15  112  127  128   15  112  127  128 
  16   32   48   64   80   96  112  128   16   32   48   64   80   96  112  128   16   32   48   64   80   96  112  128   16   32   48   64   80   96  112  128   16   32   48   64   80   96  112  128   16   32   48   64   80   96  112  128   16   32   48   64   80   96  112  128   16   32   48   64   80   96  112  128   16   32   48   64   80   96  112  128   16   32   48   64   80   96  112  128   16   32   48   64   80   96  112  128   16   32   48   64   80   96  112  128   16   32   48   64   80   96  112  128   16   32   48   64   80   96  112  128   16   32   48   64   80   96  112  128   16   32   48   64   80   96  112  128 
  17   18   19   20   21   22   23   24   25   26   27   28   29   30   31   32   49   50   51   52   53   54   55   56   57   58   59   60   61   62   63   64   81   82   83   84   85   86   87   88   89   90   91   92   93   94   95   96  113  114  115  116  117  118  119  120  121  122  123  124  125  126  127  128   17   18   19   20   21   22   23   24   25   26   27   28   29   30   31   32   49   50   51   52   53   54   55   56   57   58   59   60   61   62   63   64   81   82   83   84   85   86   87   88   89   90   91   92   93   94   95   96  113  114  115  116  117  118  119  120  121  122  123  124  125  126  127  128 
  18   28   30   96  114  124  126  128   18   28   30   96  114  124  126  128   18   28   30   96  114  124  126  128   18   28   30   96  114  124  126  128   18   28   30   96  114  124  126  128   18   28   30   96  114  124  126  128   18   28   30   96  114  124  126  128   18   28   30   96  114  124  126  128   18   28   30   96  114  124  126  128   18   28   30   96  114  124  126  128   18   28   30   96  114  124  126  128   18   28   30   96  114  124  126  128   18   28   30   96  114  124  126  128   18   28   30   96  114  124  126  128   18   28   30   96  114  124  126  128   18   28   30   96  114  124  126  128 
  19   28   31   96  115  124  127  128   19   28   31   96  115  124  127  128   19   28   31   96  115  124  127  128   19   28   31   96  115  124  127  128   19   28   31   96  115  124  127  128   19   28   31   96  115  124  127  128   19   28   31   96  115  124  127  128   19   28   31   96  115  124  127  128   19   28   31   96  115  124  127  128   19   28   31   96  115  124  127  128   19   28   31   96  115  124  127  128   19   28   31   96  115  124  127  128   19   28   31   96  115  124  127  128   19   28   31   96  115  124  127  128   19   28   31   96  115  124  127  128   19   28   31   96  115  124  127  128 
  20   24   28   32   52   56   60   64   84   88   92   96  116  120  124  128   20   24   28   32   52   56   60   64   84   88   92   96  116  120  124  128   20   24   28   32   52   56   60   64   84   88   92   96  116  120  124  128   20   24   28   32   52   56   60   64   84   88   92   96  116  120  124  128   20   24   28   32   52   56   60   64   84   88   92   96  116  120  124  128   20   24   28   32   52   56   60   64   84   88   92   96  116  120  124  128   20   24   28   32   52   56   60   64   84   88   92   96  116  120  124  128   20   24   28   32   52   56   60   64   84   88   92   96  116  120  124  128 
  21   22   23   24   93   94   95   96  117  118  119  120  125  126  127  128   21   22   23   24   93   94   95   96  117  118  119  120  125  126  127  128   21   22   23   24   93   94   95   96  117  118  119  120  125  126  127  128   21   22   23   24   93   94   95   96  117  118  119  120  125  126  127  128   21   22   23   24   93   94   95   96  117  118  119  120  125  126  127  128   21   22   23   24   93   94   95   96  117  118  119  120  125  126  127  128   21   22   23   24   93   94   95   96  117  118  119  120  125  126  127  128   21   22   23   24   93   94   95   96  117  118  119  120  125  126  127  128 
  22  120  126  128   22  120  126  128   22  120  126  128   22  120  126  128   22  120  126  128   22  120  126  128   22  120  126  128   22  120  126  128   22  120  126  128   22  120  126  128   22  120  126  128   22  120  126  128   22  120  126  128   22  120  126  128   22  120  126  128   22  120  126  128   22  120  126  128   22  120  126  128   22  120  126  128   22  120  126  128   22  120  126  128   22  120  126  128   22  120  126  128   22  120  126  128   22  120  126  128   22  120  126  128   22  120  126  128   22  120  126  128   22  120  126  128   22  120  126  128   22  120  126  128   22  120  126  128 
  23  120  127  128   23  120  127  128   23  120  127  128   23  120  127  128   23  120  127  128   23  120  127  128   23  120  127  128   23  120  127  128   23  120  127  128   23  120  127  128   23  120  127  128   23  120  127  128   23  120  127  128   23  120  127  128   23  120  127  128   23  120  127  128   23  120  127  128   23  120  127  128   23  120  127  128   23  120  127  128   23  120  127  128   23  120  127  128   23  120  127  128   23  120  127  128   23  120  127  128   23  120  127  128   23  120  127  128   23  120  127  128   23  120  127  128   23  120  127  128   23  120  127  128   23  120  127  128 
  24   96  120  128   24   96  120  128   24   96  120  128   24   96  120  128   24   96  120  128   24   96  120  128   24   96  120  128   24   96  120  128   24   96  120  128   24   96  120  128   24   96  120  128   24   96  120  128   24   96  120  128   24   96  120  128   24   96  120  128   24   96  120  128   24   96  120  128   24   96  120  128   24   96  120  128   24   96  120  128   24   96  120  128   24   96  120  128   24   96  120  128   24   96  120  128   24   96  120  128   24   96  120  128   24   96  120  128   24   96  120  128   24   96  120  128   24   96  120  128   24   96  120  128   24   96  120  128 
  25   26   27   28   93   94   95   96  121  122  123  124  125  126  127  128   25   26   27   28   93   94   95   96  121  122  123  124  125  126  127  128   25   26   27   28   93   94   95   96  121  122  123  124  125  126  127  128   25   26   27   28   93   94   95   96  121  122  123  124  125  126  127  128   25   26   27   28   93   94   95   96  121  122  123  124  125  126  127  128   25   26   27   28   93   94   95   96  121  122  123  124  125  126  127  128   25   26   27   28   93   94   95   96  121  122  123  124  125  126  127  128   25   26   27   28   93   94   95   96  121  122  123  124  125  126  127  128 
  26  124  126  128   26  124  126  128   26  124  126  128   26  124  126  128   26  124  126  128   26  124  126  128   26  124  126  128   26  124  126  128   26  124  126  128   26  124  126  128   26  124  126  128   26  124  126  128   26  124  126  128   26  124  126  128   26  124  126  128   26  124  126  128   26  124  126  128   26  124  126  128   26  124  126  128   26  124  126  128   26  124  126  128   26  124  126  128   26  124  126  128   26  124  126  128   26  124  126  128   26  124  126  128   26  124  126  128   26  124  126  128   26  124  126  128   26  124  126  128   26  124  126  128   26  124  126  128 
  27  124  127  128   27  124  127  128   27  124  127  128   27  124  127  128   27  124  127  128   27  124  127  128   27  124  127  128   27  124  127  128   27  124  127  128   27  124  127  128   27  124  127  128   27  124  127  128   27  124  127  128   27  124  127  128   27  124  127  128   27  124  127  128   27  124  127  128   27  124  127  128   27  124  127  128   27  124  127  128   27  124  127  128   27  124  127  128   27  124  127  128   27  124  127  128   27  124  127  128   27  124  127  128   27  124  127  128   27  124  127  128   27  124  127  128   27  124  127  128   27  124  127  128   27  124  127  128 
  28   96  124  128   28   96  124  128   28   96  124  128   28   96  124  128   28   96  124  128   28   96  124  128   28   96  124  128   28   96  124  128   28   96  124  128   28   96  124  128   28   96  124  128   28   96  124  128   28   96  124  128   28   96  124  128   28   96  124  128   28   96  124  128   28   96  124  128   28   96  124  128   28   96  124  128   28   96  124  128   28   96  124  128   28   96  124  128   28   96  124  128   28   96  124  128   28   96  124  128   28   96  124  128   28   96  124  128   28   96  124  128   28   96  124  128   28   96  124  128   28   96  124  128   28   96  124  128 
  29   30   31   32   61   62   63   64   93   94   95   96  125  126  127  128   29   30   31   32   61   62   63   64   93   94   95   96  125  126  127  128   29   30   31   32   61   62   63   64   93   94   95   96  125  126  127  128   29   30   31   32   61   62   63   64   93   94   95   96  125  126  127  128   29   30   31   32   61   62   63   64   93   94   95   96  125  126  127  128   29   30   31   32   61   62   63   64   93   94   95   96  125  126  127  128   29   30   31   32   61   62   63   64   93   94   95   96  125  126  127  128   29   30   31   32   61   62   63   64   93   94   95   96  125  126  127  128 
  30   96  126  128   30   96  126  128   30   96  126  128   30   96  126  128   30   96  126  128   30   96  126  128   30   96  126  128   30   96  126  128   30   96  126  128   30   96  126  128   30   96  126  128   30   96  126  128   30   96  126  128   30   96  126  128   30   96  126  128   30   96  126  128   30   96  126  128   30   96  126  128   30   96  126  128   30   96  126  128   30   96  126  128   30   96  126  128   30   96  126  128   30   96  126  128   30   96  126  128   30   96  126  128   30   96  126  128   30   96  126  128   30   96  126  128   30   96  126  128   30   96  126  128   30   96  126  128 
  31   96  127  128   31   96  127  128   31   96  127  128   31   96  127  128   31   96  127  128   31   96  127  128   31   96  127  128   31   96  127  128   31   96  127  128   31   96  127  128   31   96  127  128   31   96  127  128   31   96  127  128   31   96  127  128   31   96  127  128   31   96  127  128   31   96  127  128   31   96  127  128   31   96  127  128   31   96  127  128   31   96  127  128   31   96  127  128   31   96  127  128   31   96  127  128   31   96  127  128   31   96  127  128   31   96  127  128   31   96  127  128   31   96  127  128   31   96  127  128   31   96  127  128   31   96  127  128 
  32   64   96  128   32   64   96  128   32   64   96  128   32   64   96  128   32   64   96  128   32   64   96  128   32   64   96  128   32   64   96  128   32   64   96  128   32   64   96  128   32   64   96  128   32   64   96  128   32   64   96  128   32   64   96  128   32   64   96  128   32   64   96  128   32   64   96  128   32   64   96  128   32   64   96  128   32   64   96  128   32   64   96  128   32   64   96  128   32   64   96  128   32   64   96  128   32   64   96  128   32   64   96  128   32   64   96  128   32   64   96  128   32   64   96  128   32   64   96  128   32   64   96  128   32   64   96  128 
  33   34   35   36   37   38   39   40   41   42   43   44   45   46   47   48   49   50   51   52   53   54   55   56   57   58   59   60   61   62   63   64   97   98   99  100  101  102  103  104  105  106  107  108  109  110  111  112  113  114  115  116  117  118  119  120  121  122  123  124  125  126  127  128   33   34   35   36   37   38   39   40   41   42   43   44   45   46   47   48   49   50   51   52   53   54   55   56   57   58   59   60   61   62   63   64   97   98   99  100  101  102  103  104  105  106  107  108  109  110  111  112  113  114  115  116  117  118  119  120  121  122  123  124  125  126  127  128 
  34   44   46  112  114  124  126  128   34   44   46  112  114  124  126  128   34   44   46  112  114  124  126  128   34   44   46  112  114  124  126  128   34   44   46  112  114  124  126  128   34   44   46  112  114  124  126  128   34   44   46  112  114  124  126  128   34   44   46  112  114  124  126  128   34   44   46  112  114  124  126  128   34   44   46  112  114  124  126  128   34   44   46  112  114  124  126  128   34   44   46  112  114  124  126  128   34   44   46  112  114  124  126  128   34   44   46  112  114  124  126  128   34   44   46  112  114  124  126  128   34   44   46  112  114  124  126  128 
  35   44   47  112  115  124  127  128   35   44   47  112  115  124  127  128   35   44   47  112  115  124  127  128   35   44   47  112  115  124  127  128   35   44   47  112  115  124  127  128   35   44   47  112  115  124  127  128   35   44   47  112  115  124  127  128   35   44   47  112  115  124  127  128   35   44   47  112  115  124  127  128   35   44   47  112  115  124  127  128   35   44   47  112  115  124  127  128   35   44   47  112  115  124  127  128   35   44   47  112  115  124  127  128   35   44   47  112  115  124  127  128   35   44   47  112  115  124  127  128   35   44   47  112  115  124  127  128 
  36   40   44   48   52   56   60   64  100  104  108  112  116  120  124  128   36   40   44   48   52   56   60   64  100  104  108  112  116  120  124  128   36   40   44   48   52   56   60   64  100  104  108  112  116  120  124  128   36   40   44   48   52   56   60   64  100  104  108  112  116  120  124  128   36   40   44   48   52   56   60   64  100  104  108  112  116  120  124  128   36   40   44   48   52   56   60   64  100  104  108  112  116  120  124  128   36   40   44   48   52   56   60   64  100  104  108  112  116  120  124  128   36   40   44   48   52   56   60   64  100  104  108  112  116  120  124  128 
  37   38   39   40  109  110  111  112  117  118  119  120  125  126  127  128   37   38   39   40  109  110  111  112  117  118  119  120  125  126  127  128   37   38   39   40  109  110  111  112  117  118  119  120  125  126  127  128   37   38   39   40  109  110  111  112  117  118  119  120  125  126  127  128   37   38   39   40  109  110  111  112  117  118  119  120  125  126  127  128   37   38   39   40  109  110  111  112  117  118  119  120  125  126  127  128   37   38   39   40  109  110  111  112  117  118  119  120  125  126  127  128   37   38   39   40  109  110  111  112  117  118  119  120  125  126  127  128 
  38  120  126  128   38  120  126  128   38  120  126  128   38  120  126  128   38  120  126  128   38  120  126  128   38  120  126  128   38  120  126  128   38  120  126  128   38  120  126  128   38  120  126  128   38  120  126  128   38  120  126  128   38  120  126  128   38  120  126  128   38  120  126  128   38  120  126  128   38  120  126  128   38  120  126  128   38  120  126  128   38  120  126  128   38  120  126  128   38  120  126  128   38  120  126  128   38  120  126  128   38  120  126  128   38  120  126  128   38  120  126  128   38  120  126  128   38  120  126  128   38  120  126  128   38  120  126  128 
  39  120  127  128   39  120  127  128   39  120  127  128   39  120  127  128   39  120  127  128   39  120  127  128   39  120  127  128   39  120  127  128   39  120  127  128   39  120  127  128   39  120  127  128   39  120  127  128   39  120  127  128   39  120  127  128   39  120  127  128   39  120  127  128   39  120  127  128   39  120  127  128   39  120  127  128   39  120  127  128   39  120  127  128   39  120  127  128   39  120  127  128   39  120  127  128   39  120  127  128   39  120  127  128   39  120  127  128   39  120  127  128   39  120  127  128   39  120  127  128   39  120  127  128   39  120  127  128 
  40  112  120  128   40  112  120  128   40  112  120  128   40  112  120  128   40  112  120  128   40  112  120  128   40  112  120  128   40  112  120  128   40  112  120  128   40  112  120  128   40  112  120  128   40  112  120  128   40  112  120  128   40  112  120  128   40  112  120  128   40  112  120  128   40  112  120  128   40  112  120  128   40  112  120  128   40  112  120  128   40  112  120  128   40  112  120  128   40  112  120  128   40  112  120  128   40  112  120  128   40  112  120  128   40  112  120  128   40  112  120  128   40  112  120  128   40  112  120  128   40  112  120  128   40  112  120  128 
  41   42   43   44  109  110  111  112  121  122  123  124  125  126  127  128   41   42   43   44  109  110  111  112  121  122  123  124  125  126  127  128   41   42   43   44  109  110  111  112  121  122  123  124  125  126  127  128   41   42   43   44  109  110  111  112  121  122  123  124  125  126  127  128   41   42   43   44  109  110  111  112  121  122  123  124  125  126  127  128   41   42   43   44  109  110  111  112  121  122  123  124  125  126  127  128   41   42   43   44  109  110  111  112  121  122  123  124  125  126  127  128   41   42   43   44  109  110  111  112  121  122  123  124  125  126  127  128 
  42  124  126  128   42  124  126  128   42  124  126  128   42  124  126  128   42  124  126  128   42  124  126  128   42  124  126  128   42  124  126  128   42  124  126  128   42  124  126  128   42  124  126  128   42  124  126  128   42  124  126  128   42  124  126  128   42  124  126  128   42  124  126  128   42  124  126  128   42  124  126  128   42  124  126  128   42  124  126  128   42  124  126  128   42  124  126  128   42  124  126  128   42  124  126  128   42  124  126  128   42  124  126  128   42  124  126  128   42  124  126  128   42  124  126  128   42  124  126  128   42  124  126  128   42  124  126  128 
  43  124  127  128   43  124  127  128   43  124  127  128   43  124  127  128   43  124  127  128   43  124  127  128   43  124  127  128   43  124  127  128   43  124  127  128   43  124  127  128   43  124  127  128   43  124  127  128   43  124  127  128   43  124  127  128   43  124  127  128   43  124  127  128   43  124  127  128   43  124  127  128   43  124  127  128   43  124  127  128   43  124  127  128   43  124  127  128   43  124  127  128   43  124  127  128   43  124  127  128   43  124  127  128   43  124  127  128   43  124  127  128   43  124  127  128   43  124  127  128   43  124  127  128   43  124  127  128 
  44  112  124  128   44  112  124  128   44  112  124  128   44  112  124  128   44  112  124  128   44  112  124  128   44  112  124  128   44  112  124  128   44  112  124  128   44  112  124  128   44  112  124  128   44  112  124  128   44  112  124  128   44  112  124  128   44  112  124  128   44  112  124  128   44  112  124  128   44  112  124  128   44  112  124  128   44  112  124  128   44  112  124  128   44  112  124  128   44  112  124  128   44  112  124  128   44  112  124  128   44  112  124  128   44  112  124  128   44  112  124  128   44  112  124  128   44  112  124  128   44  112  124  128   44  112  124  128 
  45   46   47   48   61   62   63   64  109  110  111  112  125  126  127  128   45   46   47   48   61   62   63   64  109  110  111  112  125  126  127  128   45   46   47   48   61   62   63   64  109  110  111  112  125  126  127  128   45   46   47   48   61   62   63   64  109  110  111  112  125  126  127  128   45   46   47   48   61   62   63   64  109  110  111  112  125  126  127  128   45   46   47   48   61   62   63   64  109  110  111  112  125  126  127  128   45   46   47   48   61   62   63   64  109  110  111  112  125  126  127  128   45   46   47   48   61   62   63   64  109  110  111  112  125  126  127  128 
  46  112  126  128   46  112  126  128   46  112  126  128   46  112  126  128   46  112  126  128   46  112  126  128   46  112  126  128   46  112  126  128   46  112  126  128   46  112  126  128   46  112  126  128   46  112  126  128   46  112  126  128   46  112  126  128   46  112  126  128   46  112  126  128   46  112  126  128   46  112  126  128   46  112  126  128   46  112  126  128   46  112  126  128   46  112  126  128   46  112  126  128   46  112  126  128   46  112  126  128   46  112  126  128   46  112  126  128   46  112  126  128   46  112  126  128   46  112  126  128   46  112  126  128   46  112  126  128 
  47  112  127  128   47  112  127  128   47  112  127  128   47  112  127  128   47  112  127  128   47  112  127  128   47  112  127  128   47  112  127  128   47  112  127  128   47  112  127  128   47  112  127  128   47  112  127  128   47  112  127  128   47  112  127  128   47  112  127  128   47  112  127  128   47  112  127  128   47  112  127  128   47  112  127  128   47  112  127  128   47  112  127  128   47  112  127  128   47  112  127  128   47  112  127  128   47  112  127  128   47  112  127  128   47  112  127  128   47  112  127  128   47  112  127  128   47  112  127  128   47  112  127  128   47  112  127  128 
  48   64  112  128   48   64  112  128   48   64  112  128   48   64  112  128   48   64  112  128   48   64  112  128   48   64  112  128   48   64  112  128   48   64  112  128   48   64  112  128   48   64  112  128   48   64  112  128   48   64  112  128   48   64  112  128   48   64  112  128   48   64  112  128   48   64  112  128   48   64  112  128   48   64  112  128   48   64  112  128   48   64  112  128   48   64  112  128   48   64  112  128   48   64  112  128   48   64  112  128   48   64  112  128   48   64  112  128   48   64  112  128   48   64  112  128   48   64  112  128   48   64  112  128   48   64  112  128 
  49   50   51   52   53   54   55   56   57   58   59   60   61   62   63   64  113  114  115  116  117  118  119  120  121  122  123  124  125  126  127  128   49   50   51   52   53   54   55   56   57   58   59   60   61   62   63   64  113  114  115  116  117  118  119  120  121  122  123  124  125  126  127  128   49   50   51   52   53   54   55   56   57   58   59   60   61   62   63   64  113  114  115  116  117  118  119  120  121  122  123  124  125  126  127  128   49   50   51   52   53   54   55   56   57   58   59   60   61   62   63   64  113  114  115  116  117  118  119  120  121  122  123  124  125  126  127  128 
  50   60   62   64  114  124  126  128   50   60   62   64  114  124  126  128   50   60   62   64  114  124  126  128   50   60   62   64  114  124  126  128   50   60   62   64  114  124  126  128   50   60   62   64  114  124  126  128   50   60   62   64  114  124  126  128   50   60   62   64  114  124  126  128   50   60   62   64  114  124  126  128   50   60   62   64  114  124  126  128   50   60   62   64  114  124  126  128   50   60   62   64  114  124  126  128   50   60   62   64  114  124  126  128   50   60   62   64  114  124  126  128   50   60   62   64  114  124  126  128   50   60   62   64  114  124  126  128 
  51   60   63   64  115  124  127  128   51   60   63   64  115  124  127  128   51   60   63   64  115  124  127  128   51   60   63   64  115  124  127  128   51   60   63   64  115  124  127  128   51   60   63   64  115  124  127  128   51   60   63   64  115  124  127  128   51   60   63   64  115  124  127  128   51   60   63   64  115  124  127  128   51   60   63   64  115  124  127  128   51   60   63   64  115  124  127  128   51   60   63   64  115  124  127  128   51   60   63   64  115  124  127  128   51   60   63   64  115  124  127  128   51   60   63   64  115  124  127  128   51   60   63   64  115  124  127  128 
  52   56   60   64  116  120  124  128   52   56   60   64  116  120  124  128   52   56   60   64  116  120  124  128   52   56   60   64  116  120  124  128   52   56   60   64  116  120  124  128   52   56   60   64  116  120  124  128   52   56   60   64  116  120  124  128   52   56   60   64  116  120  124  128   52   56   60   64  116  120  124  128   52   56   60   64  116  120  124  128   52   56   60   64  116  120  124  128   52   56   60   64  116  120  124  128   52   56   60   64  116  120  124  128   52   56   60   64  116  120  124  128   52   56   60   64  116  120  124  128   52   56   60   64  116  120  124  128 
  53   54   55   56   61   62   63   64  117  118  119  120  125  126  127  128   53   54   55   56   61   62   63   64  117  118  119  120  125  126  127  128   53   54   55   56   61   62   63   64  117  118  119  120  125  126  127  128   53   54   55   56   61   62   63   64  117  118  119  120  125  126  127  128   53   54   55   56   61   62   63   64  117  118  119  120  125  126  127  128   53   54   55   56   61   62   63   64  117  118  119  120  125  126  127  128   53   54   55   56   61   62   63   64  117  118  119  120  125  126  127  128   53   54   55   56   61   62   63   64  117  118  119  120  125  126  127  128 
  54  120  126  128   54  120  126  128   54  120  126  128   54  120  126  128   54  120  126  128   54  120  126  128   54  120  126  128   54  120  126  128   54  120  126  128   54  120  126  128   54  120  126  128   54  120  126  128   54  120  126  128   54  120  126  128   54  120  126  128   54  120  126  128   54  120  126  128   54  120  126  128   54  120  126  128   54  120  126  128   54  120  126  128   54  120  126  128   54  120  126  128   54  120  126  128   54  120  126  128   54  120  126  128   54  120  126  128   54  120  126  128   54  120  126  128   54  120  126  128   54  120  126  128   54  120  126  128 
  55  120  127  128   55  120  127  128   55  120  127  128   55  120  127  128   55  120  127  128   55  120  127  128   55  120  127  128   55  120  127  128   55  120  127  128   55  120  127  128   55  120  127  128   55  120  127  128   55  120  127  128   55  120  127  128   55  120  127  128   55  120  127  128   55  120  127  128   55  120  127  128   55  120  127  128   55  120  127  128   55  120  127  128   55  120  127  128   55  120  127  128   55  120  127  128   55  120  127  128   55  120  127  128   55  120  127  128   55  120  127  128   55  120  127  128   55  120  127  128   55  120  127  128   55  120  127  128 
  56   64  120  128   56   64  120  128   56   64  120  128   56   64  120  128   56   64  120  128   56   64  120  128   56   64  120  128   56   64  120  128   56   64  120  128   56   64  120  128   56   64  120  128   56   64  120  128   56   64  120  128   56   64  120  128   56   64  120  128   56   64  120  128   56   64  120  128   56   64  120  128   56   64  120  128   56   64  120  128   56   64  120  128   56   64  120  128   56   64  120  128   56   64  120  128   56   64  120  128   56   64  120  128   56   64  120  128   56   64  120  128   56   64  120  128   56   64  120  128   56   64  120  128   56   64  120  128 
  57   58   59   60   61   62   63   64  121  122  123  124  125  126  127  128   57   58   59   60   61   62   63   64  121  122  123  124  125  126  127  128   57   58   59   60   61   62   63   64  121  122  123  124  125  126  127  128   57   58   59   60   61   62   63   64  121  122  123  124  125  126  127  128   57   58   59   60   61   62   63   64  121  122  123  124  125  126  127  128   57   58   59   60   61   62   63   64  121  122  123  124  125  126  127  128   57   58   59   60   61   62   63   64  121  122  123  124  125  126  127  128   57   58   59   60   61   62   63   64  121  122  123  124  125  126  127  128 
  58  124  126  128   58  124  126  128   58  124  126  128   58  124  126  128   58  124  126  128   58  124  126  128   58  124  126  128   58  124  126  128   58  124  126  128   58  124  126  128   58  124  126  128   58  124  126  128   58  124  126  128   58  124  126  128   58  124  126  128   58  124  126  128   58  124  126  128   58  124  126  128   58  124  126  128   58  124  126  128   58  124  126  128   58  124  126  128   58  124  126  128   58  124  126  128   58  124  126  128   58  124  126  128   58  124  126  128   58  124  126  128   58  124  126  128   58  124  126  128   58  124  126  128   58  124  126  128 
  59  124  127  128   59  124  127  128   59  124  127  128   59  124  127  128   59  124  127  128   59  124  127  128   59  124  127  128   59  124  127  128   59  124  127  128   59  124  127  128   59  124  127  128   59  124  127  128   59  124  127  128   59  124  127  128   59  124  127  128   59  124  127  128   59  124  127  128   59  124  127  128   59  124  127  128   59  124  127  128   59  124  127  128   59  124  127  128   59  124  127  128   59  124  127  128   59  124  127  128   59  124  127  128   59  124  127  128   59  124  127  128   59  124  127  128   59  124  127  128   59  124  127  128   59  124  127  128 
  60   64  124  128   60   64  124  128   60   64  124  128   60   64  124  128   60   64  124  128   60   64  124  128   60   64  124  128   60   64  124  128   60   64  124  128   60   64  124  128   60   64  124  128   60   64  124  128   60   64  124  128   60   64  124  128   60   64  124  128   60   64  124  128   60   64  124  128   60   64  124  128   60   64  124  128   60   64  124  128   60   64  124  128   60   64  124  128   60   64  124  128   60   64  124  128   60   64  124  128   60   64  124  128   60   64  124  128   60   64  124  128   60   64  124  128   60   64  124  128   60   64  124  128   60   64  124  128 
  61   62   63   64  125  126  127  128   61   62   63   64  125  126  127  128   61   62   63   64  125  126  127  128   61   62   63   64  125  126  127  128   61   62   63   64  125  126  127  128   61   62   63   64  125  126  127  128   61   62   63   64  125  126  127  128   61   62   63   64  125  126  127  128   61   62   63   64  125  126  127  128   61   62   63   64  125  126  127  128   61   62   63   64  125  126  127  128   61   62   63   64  125  126  127  128   61   62   63   64  125  126  127  128   61   62   63   64  125  126  127  128   61   62   63   64  125  126  127  128   61   62   63   64  125  126  127  128 
  62   64  126  128   62   64  126  128   62   64  126  128   62   64  126  128   62   64  126  128   62   64  126  128   62   64  126  128   62   64  126  128   62   64  126  128   62   64  126  128   62   64  126  128   62   64  126  128   62   64  126  128   62   64  126  128   62   64  126  128   62   64  126  128   62   64  126  128   62   64  126  128   62   64  126  128   62   64  126  128   62   64  126  128   62   64  126  128   62   64  126  128   62   64  126  128   62   64  126  128   62   64  126  128   62   64  126  128   62   64  126  128   62   64  126  128   62   64  126  128   62   64  126  128   62   64  126  128 
  63   64  127  128   63   64  127  128   63   64  127  128   63   64  127  128   63   64  127  128   63   64  127  128   63   64  127  128   63   64  127  128   63   64  127  128   63   64  127  128   63   64  127  128   63   64  127  128   63   64  127  128   63   64  127  128   63   64  127  128   63   64  127  128   63   64  127  128   63   64  127  128   63   64  127  128   63   64  127  128   63   64  127  128   63   64  127  128   63   64  127  128   63   64  127  128   63   64  127  128   63   64  127  128   63   64  127  128   63   64  127  128   63   64  127  128   63   64  127  128   63   64  127  128   63   64  127  128 
  64  128   64  128   64  128   64  128   64  128   64  128   64  128   64  128   64  128   64  128   64  128   64  128   64  128   64  128   64  128   64  128   64  128   64  128   64  128   64  128   64  128   64  128   64  128   64  128   64  128   64  128   64  128   64  128   64  128   64  128   64  128   64  128   64  128   64  128   64  128   64  128   64  128   64  128   64  128   64  128   64  128   64  128   64  128   64  128   64  128   64  128   64  128   64  128   64  128   64  128   64  128   64  128   64  128   64  128   64  128   64  128   64  128   64  128   64  128   64  128   64  128   64  128   64  128   64  128 
  65   66   67   68   69   70   71   72   73   74   75   76   77   78   79   80   81   82   83   84   85   86   87   88   89   90   91   92   93   94   95   96   97   98   99  100  101  102  103  104  105  106  107  108  109  110  111  112  113  114  115  116  117  118  119  120  121  122  123  124  125  126  127  128   65   66   67   68   69   70   71   72   73   74   75   76   77   78   79   80   81   82   83   84   85   86   87   88   89   90   91   92   93   94   95   96   97   98   99  100  101  102  103  104  105  106  107  108  109  110  111  112  113  114  115  116  117  118  119  120  121  122  123  124  125  126  127  128 
  66   76   78  112  114  124  126  128   66   76   78  112  114  124  126  128   66   76   78  112  114  124  126  128   66   76   78  112  114  124  126  128   66   76   78  112  114  124  126  128   66   76   78  112  114  124  126  128   66   76   78  112  114  124  126  128   66   76   78  112  114  124  126  128   66   76   78  112  114  124  126  128   66   76   78  112  114  124  126  128   66   76   78  112  114  124  126  128   66   76   78  112  114  124  126  128   66   76   78  112  114  124  126  128   66   76   78  112  114  124  126  128   66   76   78  112  114  124  126  128   66   76   78  112  114  124  126  128 
  67   76   79  112  115  124  127  128   67   76   79  112  115  124  127  128   67   76   79  112  115  124  127  128   67   76   79  112  115  124  127  128   67   76   79  112  115  124  127  128   67   76   79  112  115  124  127  128   67   76   79  112  115  124  127  128   67   76   79  112  115  124  127  128   67   76   79  112  115  124  127  128   67   76   79  112  115  124  127  128   67   76   79  112  115  124  127  128   67   76   79  112  115  124  127  128   67   76   79  112  115  124  127  128   67   76   79  112  115  124  127  128   67   76   79  112  115  124  127  128   67   76   79  112  115  124  127  128 
  68   72   76   80   84   88   92   96  100  104  108  112  116  120  124  128   68   72   76   80   84   88   92   96  100  104  108  112  116  120  124  128   68   72   76   80   84   88   92   96  100  104  108  112  116  120  124  128   68   72   76   80   84   88   92   96  100  104  108  112  116  120  124  128   68   72   76   80   84   88   92   96  100  104  108  112  116  120  124  128   68   72   76   80   84   88   92   96  100  104  108  112  116  120  124  128   68   72   76   80   84   88   92   96  100  104  108  112  116  120  124  128   68   72   76   80   84   88   92   96  100  104  108  112  116  120  124  128 
  69   70   71   72  109  110  111  112  117  118  119  120  125  126  127  128   69   70   71   72  109  110  111  112  117  118  119  120  125  126  127  128   69   70   71   72  109  110  111  112  117  118  119  120  125  126  127  128   69   70   71   72  109  110  111  112  117  118  119  120  125  126  127  128   69   70   71   72  109  110  111  112  117  118  119  120  125  126  127  128   69   70   71   72  109  110  111  112  117  118  119  120  125  126  127  128   69   70   71   72  109  110  111  112  117  118  119  120  125  126  127  128   69   70   71   72  109  110  111  112  117  118  119  120  125  126  127  128 
  70  120  126  128   70  120  126  128   70  120  126  128   70  120  126  128   70  120  126  128   70  120  126  128   70  120  126  128   70  120  126  128   70  120  126  128   70  120  126  128   70  120  126  128   70  120  126  128   70  120  126  128   70  120  126  128   70  120  126  128   70  120  126  128   70  120  126  128   70  120  126  128   70  120  126  128   70  120  126  128   70  120  126  128   70  120  126  128   70  120  126  128   70  120  126  128   70  120  126  128   70  120  126  128   70  120  126  128   70  120  126  128   70  120  126  128   70  120  126  128   70  120  126  128   70  120  126  128 
  71  120  127  128   71  120  127  128   71  120  127  128   71  120  127  128   71  120  127  128   71  120  127  128   71  120  127  128   71  120  127  128   71  120  127  128   71  120  127  128   71  120  127  128   71  120  127  128   71  120  127  128   71  120  127  128   71  120  127  128   71  120  127  128   71  120  127  128   71  120  127  128   71  120  127  128   71  120  127  128   71  120  127  128   71  120  127  128   71  120  127  128   71  120  127  128   71  120  127  128   71  120  127  128   71  120  127  128   71  120  127  128   71  120  127  128   71  120  127  128   71  120  127  128   71  120  127  128 
  72  112  120  128   72  112  120  128   72  112  120  128   72  112  120  128   72  112  120  128   72  112  120  128   72  112  120  128   72  112  120  128   72  112  120  128   72  112  120  128   72  112  120  128   72  112  120  128   72  112  120  128   72  112  120  128   72  112  120  128   72  112  120  128   72  112  120  128   72  112  120  128   72  112  120  128   72  112  120  128   72  112  120  128   72  112  120  128   72  112  120  128   72  112  120  128   72  112  120  128   72  112  120  128   72  112  120  128   72  112  120  128   72  112  120  128   72  112  120  128   72  112  120  128   72  112  120  128 
  73   74   75   76  109  110  111  112  121  122  123  124  125  126  127  128   73   74   75   76  109  110  111  112  121  122  123  124  125  126  127  128   73   74   75   76  109  110  111  112  121  122  123  124  125  126  127  128   73   74   75   76  109  110  111  112  121  122  123  124  125  126  127  128   73   74   75   76  109  110  111  112  121  122  123  124  125  126  127  128   73   74   75   76  109  110  111  112  121  122  123  124  125  126  127  128   73   74   75   76  109  110  111  112  121  122  123  124  125  126  127  128   73   74   75   76  109  110  111  112  121  122  123  124  125  126  127  128 
  74  124  126  128   74  124  126  128   74  124  126  128   74  124  126  128   74  124  126  128   74  124  126  128   74  124  126  128   74  124  126  128   74  124  126  128   74  124  126  128   74  124  126  128   74  124  126  128   74  124  126  128   74  124  126  128   74  124  126  128   74  124  126  128   74  124  126  128   74  124  126  128   74  124  126  128   74  124  126  128   74  124  126  128   74  124  126  128   74  124  126  128   74  124  126  128   74  124  126  128   74  124  126  128   74  124  126  128   74  124  126  128   74  124  126  128   74  124  126  128   74  124  126  128   74  124  126  128 
  75  124  127  128   75  124  127  128   75  124  127  128   75  124  127  128   75  124  127  128   75  124  127  128   75  124  127  128   75  124  127  128   75  124  127  128   75  124  127  128   75  124  127  128   75  124  127  128   75  124  127  128   75  124  127  128   75  124  127  128   75  124  127  128   75  124  127  128   75  124  127  128   75  124  127  128   75  124  127  128   75  124  127  128   75  124  127  128   75  124  127  128   75  124  127  128   75  124  127  128   75  124  127  128   75  124  127  128   75  124  127  128   75  124  127  128   75  124  127  128   75  124  127  128   75  124  127  128 
  76  112  124  128   76  112  124  128   76  112  124  128   76  112  124  128   76  112  124  128   76  112  124  128   76  112  124  128   76  112  124  128   76  112  124  128   76  112  124  128   76  112  124  128   76  112  124  128   76  112  124  128   76  112  124  128   76  112  124  128   76  112  124  128   76  112  124  128   76  112  124  128   76  112  124  128   76  112  124  128   76  112  124  128   76  112  124  128   76  112  124  128   76  112  124  128   76  112  124  128   76  112  124  128   76  112  124  128   76  112  124  128   76  112  124  128   76  112  124  128   76  112  124  128   76  112  124  128 
  77   78   79   80   93   94   95   96  109  110  111  112  125  126  127  128   77   78   79   80   93   94   95   96  109  110  111  112  125  126  127  128   77   78   79   80   93   94   95   96  109  110  111  112  125  126  127  128   77   78   79   80   93   94   95   96  109  110  111  112  125  126  127  128   77   78   79   80   93   94   95   96  109  110  111  112  125  126  127  128   77   78   79   80   93   94   95   96  109  110  111  112  125  126  127  128   77   78   79   80   93   94   95   96  109  110  111  112  125  126  127  128   77   78   79   80   93   94   95   96  109  110  111  112  125  126  127  128 
  78  112  126  128   78  112  126  128   78  112  126  128   78  112  126  128   78  112  126  128   78  112  126  128   78  112  126  128   78  112  126  128   78  112  126  128   78  112  126  128   78  112  126  128   78  112  126  128   78  112  126  128   78  112  126  128   78  112  126  128   78  112  126  128   78  112  126  128   78  112  126  128   78  112  126  128   78  112  126  128   78  112  126  128   78  112  126  128   78  112  126  128   78  112  126  128   78  112  126  128   78  112  126  128   78  112  126  128   78  112  126  128   78  112  126  128   78  112  126  128   78  112  126  128   78  112  126  128 
  79  112  127  128   79  112  127  128   79  112  127  128   79  112  127  128   79  112  127  128   79  112  127  128   79  112  127  128   79  112  127  128   79  112  127  128   79  112  127  128   79  112  127  128   79  112  127  128   79  112  127  128   79  112  127  128   79  112  127  128   79  112  127  128   79  112  127  128   79  112  127  128   79  112  127  128   79  112  127  128   79  112  127  128   79  112  127  128   79  112  127  128   79  112  127  128   79  112  127  128   79  112  127  128   79  112  127  128   79  112  127  128   79  112  127  128   79  112  127  128   79  112  127  128   79  112  127  128 
  80   96  112  128   80   96  112  128   80   96  112  128   80   96  112  128   80   96  112  128   80   96  112  128   80   96  112  128   80   96  112  128   80   96  112  128   80   96  112  128   80   96  112  128   80   96  112  128   80   96  112  128   80   96  112  128   80   96  112  128   80   96  112  128   80   96  112  128   80   96  112  128   80   96  112  128   80   96  112  128   80   96  112  128   80   96  112  128   80   96  112  128   80   96  112  128   80   96  112  128   80   96  112  128   80   96  112  128   80   96  112  128   80   96  112  128   80   96  112  128   80   96  112  128   80   96  112  128 
  81   82   83   84   85   86   87   88   89   90   91   92   93   94   95   96  113  114  115  116  117  118  119  120  121  122  123  124  125  126  127  128   81   82   83   84   85   86   87   88   89   90   91   92   93   94   95   96  113  114  115  116  117  118  119  120  121  122  123  124  125  126  127  128   81   82   83   84   85   86   87   88   89   90   91   92   93   94   95   96  113  114  115  116  117  118  119  120  121  122  123  124  125  126  127  128   81   82   83   84   85   86   87   88   89   90   91   92   93   94   95   96  113  114  115  116  117  118  119  120  121  122  123  124  125  126  127  128 
  82   92   94   96  114  124  126  128   82   92   94   96  114  124  126  128   82   92   94   96  114  124  126  128   82   92   94   96  114  124  126  128   82   92   94   96  114  124  126  128   82   92   94   96  114  124  126  128   82   92   94   96  114  124  126  128   82   92   94   96  114  124  126  128   82   92   94   96  114  124  126  128   82   92   94   96  114  124  126  128   82   92   94   96  114  124  126  128   82   92   94   96  114  124  126  128   82   92   94   96  114  124  126  128   82   92   94   96  114  124  126  128   82   92   94   96  114  124  126  128   82   92   94   96  114  124  126  128 
  83   92   95   96  115  124  127  128   83   92   95   96  115  124  127  128   83   92   95   96  115  124  127  128   83   92   95   96  115  124  127  128   83   92   95   96  115  124  127  128   83   92   95   96  115  124  127  128   83   92   95   96  115  124  127  128   83   92   95   96  115  124  127  128   83   92   95   96  115  124  127  128   83   92   95   96  115  124  127  128   83   92   95   96  115  124  127  128   83   92   95   96  115  124  127  128   83   92   95   96  115  124  127  128   83   92   95   96  115  124  127  128   83   92   95   96  115  124  127  128   83   92   95   96  115  124  127  128 
  84   88   92   96  116  120  124  128   84   88   92   96  116  120  124  128   84   88   92   96  116  120  124  128   84   88   92   96  116  120  124  128   84   88   92   96  116  120  124  128   84   88   92   96  116  120  124  128   84   88   92   96  116  120  124  128   84   88   92   96  116  120  124  128   84   88   92   96  116  120  124  128   84   88   92   96  116  120  124  128   84   88   92   96  116  120  124  128   84   88   92   96  116  120  124  128   84   88   92   96  116  120  124  128   84   88   92   96  116  120  124  128   84   88   92   96  116  120  124  128   84   88   92   96  116  120  124  128 
  85   86   87   88   93   94   95   96  117  118  119  120  125  126  127  128   85   86   87   88   93   94   95   96  117  118  119  120  125  126  127  128   85   86   87   88   93   94   95   96  117  118  119  120  125  126  127  128   85   86   87   88   93   94   95   96  117  118  119  120  125  126  127  128   85   86   87   88   93   94   95   96  117  118  119  120  125  126  127  128   85   86   87   88   93   94   95   96  117  118  119  120  125  126  127  128   85   86   87   88   93   94   95   96  117  118  119  120  125  126  127  128   85   86   87   88   93   94   95   96  117  118  119  120  125  126  127  128 
  86  120  126  128   86  120  126  128   86  120  126  128   86  120  126  128   86  120  126  128   86  120  126  128   86  120  126  128   86  120  126  128   86  120  126  128   86  120  126  128   86  120  126  128   86  120  126  128   86  120  126  128   86  120  126  128   86  120  126  128   86  120  126  128   86  120  126  128   86  120  126  128   86  120  126  128   86  120  126  128   86  120  126  128   86  120  126  128   86  120  126  128   86  120  126  128   86  120  126  128   86  120  126  128   86  120  126  128   86  120  126  128   86  120  126  128   86  120  126  128   86  120  126  128   86  120  126  128 
  87  120  127  128   87  120  127  128   87  120  127  128   87  120  127  128   87  120  127  128   87  120  127  128   87  120  127  128   87  120  127  128   87  120  127  128   87  120  127  128   87  120  127  128   87  120  127  128   87  120  127  128   87  120  127  128   87  120  127  128   87  120  127  128   87  120  127  128   87  120  127  128   87  120  127  128   87  120  127  128   87  120  127  128   87  120  127  128   87  120  127  128   87  120  127  128   87  120  127  128   87  120  127  128   87  120  127  128   87  120  127  128   87  120  127  128   87  120  127  128   87  120  127  128   87  120  127  128 
  88   96  120  128   88   96  120  128   88   96  120  128   88   96  120  128   88   96  120  128   88   96  120  128   88   96  120  128   88   96  120  128   88   96  120  128   88   96  120  128   88   96  120  128   88   96  120  128   88   96  120  128   88   96  120  128   88   96  120  128   88   96  120  128   88   96  120  128   88   96  120  128   88   96  120  128   88   96  120  128   88   96  120  128   88   96  120  128   88   96  120  128   88   96  120  128   88   96  120  128   88   96  120  128   88   96  120  128   88   96  120  128   88   96  120  128   88   96  120  128   88   96  120  128   88   96  120  128 
  89   90   91   92   93   94   95   96  121  122  123  124  125  126  127  128   89   90   91   92   93   94   95   96  121  122  123  124  125  126  127  128   89   90   91   92   93   94   95   96  121  122  123  124  125  126  127  128   89   90   91   92   93   94   95   96  121  122  123  124  125  126  127  128   89   90   91   92   93   94   95   96  121  122  123  124  125  126  127  128   89   90   91   92   93   94   95   96  121  122  123  124  125  126  127  128   89   90   91   92   93   94   95   96  121  122  123  124  125  126  127  128   89   90   91   92   93   94   95   96  121  122  123  124  125  126  127  128 
  90  124  126  128   90  124  126  128   90  124  126  128   90  124  126  128   90  124  126  128   90  124  126  128   90  124  126  128   90  124  126  128   90  124  126  128   90  124  126  128   90  124  126  128   90  124  126  128   90  124  126  128   90  124  126  128   90  124  126  128   90  124  126  128   90  124  126  128   90  124  126  128   90  124  126  128   90  124  126  128   90  124  126  128   90  124  126  128   90  124  126  128   90  124  126  128   90  124  126  128   90  124  126  128   90  124  126  128   90  124  126  128   90  124  126  128   90  124  126  128   90  124  126  128   90  124  126  128 
  91  124  127  128   91  124  127  128   91  124  127  128   91  124  127  128   91  124  127  128   91  124  127  128   91  124  127  128   91  124  127  128   91  124  127  128   91  124  127  128   91  124  127  128   91  124  127  128   91  124  127  128   91  124  127  128   91  124  127  128   91  124  127  128   91  124  127  128   91  124  127  128   91  124  127  128   91  124  127  128   91  124  127  128   91  124  127  128   91  124  127  128   91  124  127  128   91  124  127  128   91  124  127  128   91  124  127  128   91  124  127  128   91  124  127  128   91  124  127  128   91  124  127  128   91  124  127  128 
  92   96  124  128   92   96  124  128   92   96  124  128   92   96  124  128   92   96  124  128   92   96  124  128   92   96  124  128   92   96  124  128   92   96  124  128   92   96  124  128   92   96  124  128   92   96  124  128   92   96  124  128   92   96  124  128   92   96  124  128   92   96  124  128   92   96  124  128   92   96  124  128   92   96  124  128   92   96  124  128   92   96  124  128   92   96  124  128   92   96  124  128   92   96  124  128   92   96  124  128   92   96  124  128   92   96  124  128   92   96  124  128   92   96  124  128   92   96  124  128   92   96  124  128   92   96  124  128 
  93   94   95   96  125  126  127  128   93   94   95   96  125  126  127  128   93   94   95   96  125  126  127  128   93   94   95   96  125  126  127  128   93   94   95   96  125  126  127  128   93   94   95   96  125  126  127  128   93   94   95   96  125  126  127  128   93   94   95   96  125  126  127  128   93   94   95   96  125  126  127  128   93   94   95   96  125  126  127  128   93   94   95   96  125  126  127  128   93   94   95   96  125  126  127  128   93   94   95   96  125  126  127  128   93   94   95   96  125  126  127  128   93   94   95   96  125  126  127  128   93   94   95   96  125  126  127  128 
  94   96  126  128   94   96  126  128   94   96  126  128   94   96  126  128   94   96  126  128   94   96  126  128   94   96  126  128   94   96  126  128   94   96  126  128   94   96  126  128   94   96  126  128   94   96  126  128   94   96  126  128   94   96  126  128   94   96  126  128   94   96  126  128   94   96  126  128   94   96  126  128   94   96  126  128   94   96  126  128   94   96  126  128   94   96  126  128   94   96  126  128   94   96  126  128   94   96  126  128   94   96  126  128   94   96  126  128   94   96  126  128   94   96  126  128   94   96  126  128   94   96  126  128   94   96  126  128 
  95   96  127  128   95   96  127  128   95   96  127  128   95   96  127  128   95   96  127  128   95   96  127  128   95   96  127  128   95   96  127  128   95   96  127  128   95   96  127  128   95   96  127  128   95   96  127  128   95   96  127  128   95   96  127  128   95   96  127  128   95   96  127  128   95   96  127  128   95   96  127  128   95   96  127  128   95   96  127  128   95   96  127  128   95   96  127  128   95   96  127  128   95   96  127  128   95   96  127  128   95   96  127  128   95   96  127  128   95   96  127  128   95   96  127  128   95   96  127  128   95   96  127  128   95   96  127  128 
  96  128   96  128   96  128   96  128   96  128   96  128   96  128   96  128   96  128   96  128   96  128   96  128   96  128   96  128   96  128   96  128   96  128   96  128   96  128   96  128   96  128   96  128   96  128   96  128   96  128   96  128   96  128   96  128   96  128   96  128   96  128   96  128   96  128   96  128   96  128   96  128   96  128   96  128   96  128   96  128   96  128   96  128   96  128   96  128   96  128   96  128   96  128   96  128   96  128   96  128   96  128   96  128   96  128   96  128   96  128   96  128   96  128   96  128   96  128   96  128   96  128   96  128   96  128   96  128 
  97   98   99  100  101  102  103  104  105  106  107  108  109  110  111  112  113  114  115  116  117  118  119  120  121  122  123  124  125  126  127  128   97   98   99  100  101  102  103  104  105  106  107  108  109  110  111  112  113  114  115  116  117  118  119  120  121  122  123  124  125  126  127  128   97   98   99  100  101  102  103  104  105  106  107  108  109  110  111  112  113  114  115  116  117  118  119  120  121  122  123  124  125  126  127  128   97   98   99  100  101  102  103  104  105  106  107  108  109  110  111  112  113  114  115  116  117  118  119  120  121  122  123  124  125  126  127  128 
  98  108  110  112  114  124  126  128   98  108  110  112  114  124  126  128   98  108  110  112  114  124  126  128   98  108  110  112  114  124  126  128   98  108  110  112  114  124  126  128   98  108  110  112  114  124  126  128   98  108  110  112  114  124  126  128   98  108  110  112  114  124  126  128   98  108  110  112  114  124  126  128   98  108  110  112  114  124  126  128   98  108  110  112  114  124  126  128   98  108  110  112  114  124  126  128   98  108  110  112  114  124  126  128   98  108  110  112  114  124  126  128   98  108  110  112  114  124  126  128   98  108  110  112  114  124  126  128 
  99  108  111  112  115  124  127  128   99  108  111  112  115  124  127  128   99  108  111  112  115  124  127  128   99  108  111  112  115  124  127  128   99  108  111  112  115  124  127  128   99  108  111  112  115  124  127  128   99  108  111  112  115  124  127  128   99  108  111  112  115  124  127  128   99  108  111  112  115  124  127  128   99  108  111  112  115  124  127  128   99  108  111  112  115  124  127  128   99  108  111  112  115  124  127  128   99  108  111  112  115  124  127  128   99  108  111  112  115  124  127  128   99  108  111  112  115  124  127  128   99  108  111  112  115  124  127  128 
 100  104  108  112  116  120  124  128  100  104  108  112  116  120  124  128  100  104  108  112  116  120  124  128  100  104  108  112  116  120  124  128  100  104  108  112  116  120  124  128  100  104  108  112  116  120  124  128  100  104  108  112  116  120  124  128  100  104  108  112  116  120  124  128  100  104  108  112  116  120  124  128  100  104  108  112  116  120  124  128  100  104  108  112  116  120  124  128  100  104  108  112  116  120  124  128  100  104  108  112  116  120  124  128  100  104  108  112  116  120  124  128  100  104  108  112  116  120  124  128  100  104  108  112  116  120  124  128 
 101  102  103  104  109  110  111  112  117  118  119  120  125  126  127  128  101  102  103  104  109  110  111  112  117  118  119  120  125  126  127  128  101  102  103  104  109  110  111  112  117  118  119  120  125  126  127  128  101  102  103  104  109  110  111  112  117  118  119  120  125  126  127  128  101  102  103  104  109  110  111  112  117  118  119  120  125  126  127  128  101  102  103  104  109  110  111  112  117  118  119  120  125  126  127  128  101  102  103  104  109  110  111  112  117  118  119  120  125  126  127  128  101  102  103  104  109  110  111  112  117  118  119  120  125  126  127  128 
 102  120  126  128  102  120  126  128  102  120  126  128  102  120  126  128  102  120  126  128  102  120  126  128  102  120  126  128  102  120  126  128  102  120  126  128  102  120  126  128  102  120  126  128  102  120  126  128  102  120  126  128  102  120  126  128  102  120  126  128  102  120  126  128  102  120  126  128  102  120  126  128  102  120  126  128  102  120  126  128  102  120  126  128  102  120  126  128  102  120  126  128  102  120  126  128  102  120  126  128  102  120  126  128  102  120  126  128  102  120  126  128  102  120  126  128  102  120  126  128  102  120  126  128  102  120  126  128 
 103  120  127  128  103  120  127  128  103  120  127  128  103  120  127  128  103  120  127  128  103  120  127  128  103  120  127  128  103  120  127  128  103  120  127  128  103  120  127  128  103  120  127  128  103  120  127  128  103  120  127  128  103  120  127  128  103  120  127  128  103  120  127  128  103  120  127  128  103  120  127  128  103  120  127  128  103  120  127  128  103  120  127  128  103  120  127  128  103  120  127  128  103  120  127  128  103  120  127  128  103  120  127  128  103  120  127  128  103  120  127  128  103  120  127  128  103  120  127  128  103  120  127  128  103  120  127  128 
 104  112  120  128  104  112  120  128  104  112  120  128  104  112  120  128  104  112  120  128  104  112  120  128  104  112  120  128  104  112  120  128  104  112  120  128  104  112  120  128  104  112  120  128  104  112  120  128  104  112  120  128  104  112  120  128  104  112  120  128  104  112  120  128  104  112  120  128  104  112  120  128  104  112  120  128  104  112  120  128  104  112  120  128  104  112  120  128  104  112  120  128  104  112  120  128  104  112  120  128  104  112  120  128  104  112  120  128  104  112  120  128  104  112  120  128  104  112  120  128  104  112  120  128  104  112  120  128 
 105  106  107  108  109  110  111  112  121  122  123  124  125  126  127  128  105  106  107  108  109  110  111  112  121  122  123  124  125  126  127  128  105  106  107  108  109  110  111  112  121  122  123  124  125  126  127  128  105  106  107  108  109  110  111  112  121  122  123  124  125  126  127  128  105  106  107  108  109  110  111  112  121  122  123  124  125  126  127  128  105  106  107  108  109  110  111  112  121  122  123  124  125  126  127  128  105  106  107  108  109  110  111  112  121  122  123  124  125  126  127  128  105  106  107  108  109  110  111  112  121  122  123  124  125  126  127  128 
 106  124  126  128  106  124  126  128  106  124  126  128  106  124  126  128  106  124  126  128  106  124  126  128  106  124  126  128  106  124  126  128  106  124  126  128  106  124  126  128  106  124  126  128  106  124  126  128  106  124  126  128  106  124  126  128  106  124  126  128  106  124  126  128  106  124  126  128  106  124  126  128  106  124  126  128  106  124  126  128  106  124  126  128  106  124  126  128  106  124  126  128  106  124  126  128  106  124  126  128  106  124  126  128  106  124  126  128  106  124  126  128  106  124  126  128  106  124  126  128  106  124  126  128  106  124  126  128 
 107  124  127  128  107  124  127  128  107  124  127  128  107  124  127  128  107  124  127  128  107  124  127  128  107  124  127  128  107  124  127  128  107  124  127  128  107  124  127  128  107  124  127  128  107  124  127  128  107  124  127  128  107  124  127  128  107  124  127  128  107  124  127  128  107  124  127  128  107  124  127  128  107  124  127  128  107  124  127  128  107  124  127  128  107  124  127  128  107  124  127  128  107  124  127  128  107  124  127  128  107  124  127  128  107  124  127  128  107  124  127  128  107  124  127  128  107  124  127  128  107  124  127  128  107  124  127  128 
 108  112  124  128  108  112  124  128  108  112  124  128  108  112  124  128  108  112  124  128  108  112  124  128  108  112  124  128  108  112  124  128  108  112  124  128  108  112  124  128  108  112  124  128  108  112  124  128  108  112  124  128  108  112  124  128  108  112  124  128  108  112  124  128  108  112  124  128  108  112  124  128  108  112  124  128  108  112  124  128  108  112  124  128  108  112  124  128  108  112  124  128  108  112  124  128  108  112  124  128  108  112  124  128  108  112  124  128  108  112  124  128  108  112  124  128  108  112  124  128  108  112  124  128  108  112  124  128 
 109  110  111  112  125  126  127  128  109  110  111  112  125  126  127  128  109  110  111  112  125  126  127  128  109  110  111  112  125  126  127  128  109  110  111  112  125  126  127  128  109  110  111  112  125  126  127  128  109  110  111  112  125  126  127  128  109  110  111  112  125  126  127  128  109  110  111  112  125  126  127  128  109  110  111  112  125  126  127  128  109  110  111  112  125  126  127  128  109  110  111  112  125  126  127  128  109  110  111  112  125  126  127  128  109  110  111  112  125  126  127  128  109  110  111  112  125  126  127  128  109  110  111  112  125  126  127  128 
 110  112  126  128  110  112  126  128  110  112  126  128  110  112  126  128  110  112  126  128  110  112  126  128  110  112  126  128  110  112  126  128  110  112  126  128  110  112  126  128  110  112  126  128  110  112  126  128  110  112  126  128  110  112  126  128  110  112  126  128  110  112  126  128  110  112  126  128  110  112  126  128  110  112  126  128  110  112  126  128  110  112  126  128  110  112  126  128  110  112  126  128  110  112  126  128  110  112  126  128  110  112  126  128  110  112  126  128  110  112  126  128  110  112  126  128  110  112  126  128  110  112  126  128  110  112  126  128 
 111  112  127  128  111  112  127  128  111  112  127  128  111  112  127  128  111  112  127  128  111  112  127  128  111  112  127  128  111  112  127  128  111  112  127  128  111  112  127  128  111  112  127  128  111  112  127  128  111  112  127  128  111  112  127  128  111  112  127  128  111  112  127  128  111  112  127  128  111  112  127  128  111  112  127  128  111  112  127  128  111  112  127  128  111  112  127  128  111  112  127  128  111  112  127  128  111  112  127  128  111  112  127  128  111  112  127  128  111  112  127  128  111  112  127  128  111  112  127  128  111  112  127  128  111  112  127  128 
 112  128  112  128  112  128  112  128  112  128  112  128  112  128  112  128  112  128  112  128  112  128  112  128  112  128  112  128  112  128  112  128  112  128  112  128  112  128  112  128  112  128  112  128  112  128  112  128  112  128  112  128  112  128  112  128  112  128  112  128  112  128  112  128  112  128  112  128  112  128  112  128  112  128  112  128  112  128  112  128  112  128  112  128  112  128  112  128  112  128  112  128  112  128  112  128  112  128  112  128  112  128  112  128  112  128  112  128  112  128  112  128  112  128  112  128  112  128  112  128  112  128  112  128  112  128  112  128 
 113  114  115  116  117  118  119  120  121  122  123  124  125  126  127  128  113  114  115  116  117  118  119  120  121  122  123  124  125  126  127  128  113  114  115  116  117  118  119  120  121  122  123  124  125  126  127  128  113  114  115  116  117  118  119  120  121  122  123  124  125  126  127  128  113  114  115  116  117  118  119  120  121  122  123  124  125  126  127  128  113  114  115  116  117  118  119  120  121  122  123  124  125  126  127  128  113  114  115  116  117  118  119  120  121  122  123  124  125  126  127  128  113  114  115  116  117  118  119  120  121  122  123  124  125  126  127  128 
 114  124  126  128  114  124  126  128  114  124  126  128  114  124  126  128  114  124  126  128  114  124  126  128  114  124  126  128  114  124  126  128  114  124  126  128  114  124  126  128  114  124  126  128  114  124  126  128  114  124  126  128  114  124  126  128  114  124  126  128  114  124  126  128  114  124  126  128  114  124  126  128  114  124  126  128  114  124  126  128  114  124  126  128  114  124  126  128  114  124  126  128  114  124  126  128  114  124  126  128  114  124  126  128  114  124  126  128  114  124  126  128  114  124  126  128  114  124  126  128  114  124  126  128  114  124  126  128 
 115  124  127  128  115  124  127  128  115  124  127  128  115  124  127  128  115  124  127  128  115  124  127  128  115  124  127  128  115  124  127  128  115  124  127  128  115  124  127  128  115  124  127  128  115  124  127  128  115  124  127  128  115  124  127  128  115  124  127  128  115  124  127  128  115  124  127  128  115  124  127  128  115  124  127  128  115  124  127  128  115  124  127  128  115  124  127  128  115  124  127  128  115  124  127  128  115  124  127  128  115  124  127  128  115  124  127  128  115  124  127  128  115  124  127  128  115  124  127  128  115  124  127  128  115  124  127  128 
 116  120  124  128  116  120  124  128  116  120  124  128  116  120  124  128  116  120  124  128  116  120  124  128  116  120  124  128  116  120  124  128  116  120  124  128  116  120  124  128  116  120  124  128  116  120  124  128  116  120  124  128  116  120  124  128  116  120  124  128  116  120  124  128  116  120  124  128  116  120  124  128  116  120  124  128  116  120  124  128  116  120  124  128  116  120  124  128  116  120  124  128  116  120  124  128  116  120  124  128  116  120  124  128  116  120  124  128  116  120  124  128  116  120  124  128  116  120  124  128  116  120  124  128  116  120  124  128 
 117  118  119  120  125  126  127  128  117  118  119  120  125  126  127  128  117  118  119  120  125  126  127  128  117  118  119  120  125  126  127  128  117  118  119  120  125  126  127  128  117  118  119  120  125  126  127  128  117  118  119  120  125  126  127  128  117  118  119  120  125  126  127  128  117  118  119  120  125  126  127  128  117  118  119  120  125  126  127  128  117  118  119  120  125  126  127  128  117  118  119  120  125  126  127  128  117  118  119  120  125  126  127  128  117  118  119  120  125  126  127  128  117  118  119  120  125  126  127  128  117  118  119  120  125  126  127  128 
 118  120  126  128  118  120  126  128  118  120  126  128  118  120  126  128  118  120  126  128  118  120  126  128  118  120  126  128  118  120  126  128  118  120  126  128  118  120  126  128  118  120  126  128  118  120  126  128  118  120  126  128  118  120  126  128  118  120  126  128  118  120  126  128  118  120  126  128  118  120  126  128  118  120  126  128  118  120  126  128  118  120  126  128  118  120  126  128  118  120  126  128  118  120  126  128  118  120  126  128  118  120  126  128  118  120  126  128  118  120  126  128  118  120  126  128  118  120  126  128  118  120  126  128  118  120  126  128 
 119  120  127  128  119  120  127  128  119  120  127  128  119  120  127  128  119  120  127  128  119  120  127  128  119  120  127  128  119  120  127  128  119  120  127  128  119  120  127  128  119  120  127  128  119  120  127  128  119  120  127  128  119  120  127  128  119  120  127  128  119  120  127  128  119  120  127  128  119  120  127  128  119  120  127  128  119  120  127  128  119  120  127  128  119  120  127  128  119  120  127  128  119  120  127  128  119  120  127  128  119  120  127  128  119  120  127  128  119  120  127  128  119  120  127  128  119  120  127  128  119  120  127  128  119  120  127  128 
 120  128  120  128  120  128  120  128  120  128  120  128  120  128  120  128  120  128  120  128  120  128  120  128  120  128  120  128  120  128  120  128  120  128  120  128  120  128  120  128  120  128  120  128  120  128  120  128  120  128  120  128  120  128  120  128  120  128  120  128  120  128  120  128  120  128  120  128  120  128  120  128  120  128  120  128  120  128  120  128  120  128  120  128  120  128  120  128  120  128  120  128  120  128  120  128  120  128  120  128  120  128  120  128  120  128  120  128  120  128  120  128  120  128  120  128  120  128  120  128  120  128  120  128  120  128  120  128 
 121  122  123  124  125  126  127  128  121  122  123  124  125  126  127  128  121  122  123  124  125  126  127  128  121  122  123  124  125  126  127  128  121  122  123  124  125  126  127  128  121  122  123  124  125  126  127  128  121  122  123  124  125  126  127  128  121  122  123  124  125  126  127  128  121  122  123  124  125  126  127  128  121  122  123  124  125  126  127  128  121  122  123  124  125  126  127  128  121  122  123  124  125  126  127  128  121  122  123  124  125  126  127  128  121  122  123  124  125  126  127  128  121  122  123  124  125  126  127  128  121  122  123  124  125  126  127  128 
 122  124  126  128  122  124  126  128  122  124  126  128  122  124  126  128  122  124  126  128  122  124  126  128  122  124  126  128  122  124  126  128  122  124  126  128  122  124  126  128  122  124  126  128  122  124  126  128  122  124  126  128  122  124  126  128  122  124  126  128  122  124  126  128  122  124  126  128  122  124  126  128  122  124  126  128  122  124  126  128  122  124  126  128  122  124  126  128  122  124  126  128  122  124  126  128  122  124  126  128  122  124  126  128  122  124  126  128  122  124  126  128  122  124  126  128  122  124  126  128  122  124  126  128  122  124  126  128 
 123  124  127  128  123  124  127  128  123  124  127  128  123  124  127  128  123  124  127  128  123  124  127  128  123  124  127  128  123  124  127  128  123  124  127  128  123  124  127  128  123  124  127  128  123  124  127  128  123  124  127  128  123  124  127  128  123  124  127  128  123  124  127  128  123  124  127  128  123  124  127  128  123  124  127  128  123  124  127  128  123  124  127  128  123  124  127  128  123  124  127  128  123  124  127  128  123  124  127  128  123  124  127  128  123  124  127  128  123  124  127  128  123  124  127  128  123  124  127  128  123  124  127  128  123  124  127  128 
 124  128  124  128  124  128  124  128  124  128  124  128  124  128  124  128  124  128  124  128  124  128  124  128  124  128  124  128  124  128  124  128  124  128  124  128  124  128  124  128  124  128  124  128  124  128  124  128  124  128  124  128  124  128  124  128  124  128  124  128  124  128  124  128  124  128  124  128  124  128  124  128  124  128  124  128  124  128  124  128  124  128  124  128  124  128  124  128  124  128  124  128  124  128  124  128  124  128  124  128  124  128  124  128  124  128  124  128  124  128  124  128  124  128  124  128  124  128  124  128  124  128  124  128  124  128  124  128 
 125  126  127  128  125  126  127  128  125  126  127  128  125  126  127  128  125  126  127  128  125  126  127  128  125  126  127  128  125  126  127  128  125  126  127  128  125  126  127  128  125  126  127  128  125  126  127  128  125  126  127  128  125  126  127  128  125  126  127  128  125  126  127  128  125  126  127  128  125  126  127  128  125  126  127  128  125  126  127  128  125  126  127  128  125  126  127  128  125  126  127  128  125  126  127  128  125  126  127  128  125  126  127  128  125  126  127  128  125  126  127  128  125  126  127  128  125  126  127  128  125  126  127  128  125  126  127  128 
 126  128  126  128  126  128  126  128  126  128  126  128  126  128  126  128  126  128  126  128  126  128  126  128  126  128  126  128  126  128  126  128  126  128  126  128  126  128  126  128  126  128  126  128  126  128  126  128  126  128  126  128  126  128  126  128  126  128  126  128  126  128  126  128  126  128  126  128  126  128  126  128  126  128  126  128  126  128  126  128  126  128  126  128  126  128  126  128  126  128  126  128  126  128  126  128  126  128  126  128  126  128  126  128  126  128  126  128  126  128  126  128  126  128  126  128  126  128  126  128  126  128  126  128  126  128  126  128 
 127  128  127  128  127  128  127  128  127  128  127  128  127  128  127  128  127  128  127  128  127  128  127  128  127  128  127  128  127  128  127  128  127  128  127  128  127  128  127  128  127  128  127  128  127  128  127  128  127  128  127  128  127  128  127  128  127  128  127  128  127  128  127  128  127  128  127  128  127  128  127  128  127  128  127  128  127  128  127  128  127  128  127  128  127  128  127  128  127  128  127  128  127  128  127  128  127  128  127  128  127  128  127  128  127  128  127  128  127  128  127  128  127  128  127  128  127  128  127  128  127  128  127  128  127  128  127  128 
 128  128  128  128  128  128  128  128  128  128  128  128  128  128  128  128  128  128  128  128  128  128  128  128  128  128  128  128  128  128  128  128  128  128  128  128  128  128  128  128  128  128  128  128  128  128  128  128  128  128  128  128  128  128  128  128  128  128  128  128  128  128  128  128  128  128  128  128  128  128  128  128  128  128  128  128  128  128  128  128  128  128  128  128  128  128  128  128  128  128  128  128  128  128  128  128  128  128  128  128  128  128  128  128  128  128  128  128  128  128  128  128  128  128  128  128  128  128  128  128  128  128  128  128  128  128  128  128 
   1    2    3    4    5    6    7    8    9   10   11   12   13   14   15   16   17   18   19   20   21   22   23   24   25   26   27   28   29   30   31   32   33   34   35   36   37   38   39   40   41   42   43   44   45   46   47   48   49   50   51   52   53   54   55   56   57   58   59   60   61   62   63   64   65   66   67   68   69   70   71   72   73   74   75   76   77   78   79   80   81   82   83   84   85   86   87   88   89   90   91   92   93   94   95   96   97   98   99  100  101  102  103  104  105  106  107  108  109  110  111  112  113  114  115  116  117  118  119  120  121  122  123  124  125  126  127  128 
