Laver Table for N = 6
   2   12   14   48   50   60   62   64    2   12   14   48   50   60   62   64    2   12   14   48   50   60   62   64    2   12   14   48   50   60   62   64    2   12   14   48   50   60   62   64    2   12   14   48   50   60   62   64    2   12   14   48   50   60   62   64    2   12   14   48   50   60   62   64 
   3   12   15   48   51   60   63   64    3   12   15   48   51   60   63   64    3   12   15   48   51   60   63   64    3   12   15   48   51   60   63   64    3   12   15   48   51   60   63   64    3   12   15   48   51   60   63   64    3   12   15   48   51   60   63   64    3   12   15   48   51   60   63   64 
   4    8   12   16   20   24   28   32   36   40   44   48   52   56   60   64    4    8   12   16   20   24   28   32   36   40   44   48   52   56   60   64    4    8   12   16   20   24   28   32   36   40   44   48   52   56   60   64    4    8   12   16   20   24   28   32   36   40   44   48   52   56   60   64 
   5    6    7    8   45   46   47   48   53   54   55   56   61   62   63   64    5    6    7    8   45   46   47   48   53   54   55   56   61   62   63   64    5    6    7    8   45   46   47   48   53   54   55   56   61   62   63   64    5    6    7    8   45   46   47   48   53   54   55   56   61   62   63   64 
   6   56   62   64    6   56   62   64    6   56   62   64    6   56   62   64    6   56   62   64    6   56   62   64    6   56   62   64    6   56   62   64    6   56   62   64    6   56   62   64    6   56   62   64    6   56   62   64    6   56   62   64    6   56   62   64    6   56   62   64    6   56   62   64 
   7   56   63   64    7   56   63   64    7   56   63   64    7   56   63   64    7   56   63   64    7   56   63   64    7   56   63   64    7   56   63   64    7   56   63   64    7   56   63   64    7   56   63   64    7   56   63   64    7   56   63   64    7   56   63   64    7   56   63   64    7   56   63   64 
   8   48   56   64    8   48   56   64    8   48   56   64    8   48   56   64    8   48   56   64    8   48   56   64    8   48   56   64    8   48   56   64    8   48   56   64    8   48   56   64    8   48   56   64    8   48   56   64    8   48   56   64    8   48   56   64    8   48   56   64    8   48   56   64 
   9   10   11   12   45   46   47   48   57   58   59   60   61   62   63   64    9   10   11   12   45   46   47   48   57   58   59   60   61   62   63   64    9   10   11   12   45   46   47   48   57   58   59   60   61   62   63   64    9   10   11   12   45   46   47   48   57   58   59   60   61   62   63   64 
  10   60   62   64   10   60   62   64   10   60   62   64   10   60   62   64   10   60   62   64   10   60   62   64   10   60   62   64   10   60   62   64   10   60   62   64   10   60   62   64   10   60   62   64   10   60   62   64   10   60   62   64   10   60   62   64   10   60   62   64   10   60   62   64 
  11   60   63   64   11   60   63   64   11   60   63   64   11   60   63   64   11   60   63   64   11   60   63   64   11   60   63   64   11   60   63   64   11   60   63   64   11   60   63   64   11   60   63   64   11   60   63   64   11   60   63   64   11   60   63   64   11   60   63   64   11   60   63   64 
  12   48   60   64   12   48   60   64   12   48   60   64   12   48   60   64   12   48   60   64   12   48   60   64   12   48   60   64   12   48   60   64   12   48   60   64   12   48   60   64   12   48   60   64   12   48   60   64   12   48   60   64   12   48   60   64   12   48   60   64   12   48   60   64 
  13   14   15   16   29   30   31   32   45   46   47   48   61   62   63   64   13   14   15   16   29   30   31   32   45   46   47   48   61   62   63   64   13   14   15   16   29   30   31   32   45   46   47   48   61   62   63   64   13   14   15   16   29   30   31   32   45   46   47   48   61   62   63   64 
  14   48   62   64   14   48   62   64   14   48   62   64   14   48   62   64   14   48   62   64   14   48   62   64   14   48   62   64   14   48   62   64   14   48   62   64   14   48   62   64   14   48   62   64   14   48   62   64   14   48   62   64   14   48   62   64   14   48   62   64   14   48   62   64 
  15   48   63   64   15   48   63   64   15   48   63   64   15   48   63   64   15   48   63   64   15   48   63   64   15   48   63   64   15   48   63   64   15   48   63   64   15   48   63   64   15   48   63   64   15   48   63   64   15   48   63   64   15   48   63   64   15   48   63   64   15   48   63   64 
  16   32   48   64   16   32   48   64   16   32   48   64   16   32   48   64   16   32   48   64   16   32   48   64   16   32   48   64   16   32   48   64   16   32   48   64   16   32   48   64   16   32   48   64   16   32   48   64   16   32   48   64   16   32   48   64   16   32   48   64   16   32   48   64 
  17   18   19   20   21   22   23   24   25   26   27   28   29   30   31   32   49   50   51   52   53   54   55   56   57   58   59   60   61   62   63   64   17   18   19   20   21   22   23   24   25   26   27   28   29   30   31   32   49   50   51   52   53   54   55   56   57   58   59   60   61   62   63   64 
  18   28   30   32   50   60   62   64   18   28   30   32   50   60   62   64   18   28   30   32   50   60   62   64   18   28   30   32   50   60   62   64   18   28   30   32   50   60   62   64   18   28   30   32   50   60   62   64   18   28   30   32   50   60   62   64   18   28   30   32   50   60   62   64 
  19   28   31   32   51   60   63   64   19   28   31   32   51   60   63   64   19   28   31   32   51   60   63   64   19   28   31   32   51   60   63   64   19   28   31   32   51   60   63   64   19   28   31   32   51   60   63   64   19   28   31   32   51   60   63   64   19   28   31   32   51   60   63   64 
  20   24   28   32   52   56   60   64   20   24   28   32   52   56   60   64   20   24   28   32   52   56   60   64   20   24   28   32   52   56   60   64   20   24   28   32   52   56   60   64   20   24   28   32   52   56   60   64   20   24   28   32   52   56   60   64   20   24   28   32   52   56   60   64 
  21   22   23   24   29   30   31   32   53   54   55   56   61   62   63   64   21   22   23   24   29   30   31   32   53   54   55   56   61   62   63   64   21   22   23   24   29   30   31   32   53   54   55   56   61   62   63   64   21   22   23   24   29   30   31   32   53   54   55   56   61   62   63   64 
  22   56   62   64   22   56   62   64   22   56   62   64   22   56   62   64   22   56   62   64   22   56   62   64   22   56   62   64   22   56   62   64   22   56   62   64   22   56   62   64   22   56   62   64   22   56   62   64   22   56   62   64   22   56   62   64   22   56   62   64   22   56   62   64 
  23   56   63   64   23   56   63   64   23   56   63   64   23   56   63   64   23   56   63   64   23   56   63   64   23   56   63   64   23   56   63   64   23   56   63   64   23   56   63   64   23   56   63   64   23   56   63   64   23   56   63   64   23   56   63   64   23   56   63   64   23   56   63   64 
  24   32   56   64   24   32   56   64   24   32   56   64   24   32   56   64   24   32   56   64   24   32   56   64   24   32   56   64   24   32   56   64   24   32   56   64   24   32   56   64   24   32   56   64   24   32   56   64   24   32   56   64   24   32   56   64   24   32   56   64   24   32   56   64 
  25   26   27   28   29   30   31   32   57   58   59   60   61   62   63   64   25   26   27   28   29   30   31   32   57   58   59   60   61   62   63   64   25   26   27   28   29   30   31   32   57   58   59   60   61   62   63   64   25   26   27   28   29   30   31   32   57   58   59   60   61   62   63   64 
  26   60   62   64   26   60   62   64   26   60   62   64   26   60   62   64   26   60   62   64   26   60   62   64   26   60   62   64   26   60   62   64   26   60   62   64   26   60   62   64   26   60   62   64   26   60   62   64   26   60   62   64   26   60   62   64   26   60   62   64   26   60   62   64 
  27   60   63   64   27   60   63   64   27   60   63   64   27   60   63   64   27   60   63   64   27   60   63   64   27   60   63   64   27   60   63   64   27   60   63   64   27   60   63   64   27   60   63   64   27   60   63   64   27   60   63   64   27   60   63   64   27   60   63   64   27   60   63   64 
  28   32   60   64   28   32   60   64   28   32   60   64   28   32   60   64   28   32   60   64   28   32   60   64   28   32   60   64   28   32   60   64   28   32   60   64   28   32   60   64   28   32   60   64   28   32   60   64   28   32   60   64   28   32   60   64   28   32   60   64   28   32   60   64 
  29   30   31   32   61   62   63   64   29   30   31   32   61   62   63   64   29   30   31   32   61   62   63   64   29   30   31   32   61   62   63   64   29   30   31   32   61   62   63   64   29   30   31   32   61   62   63   64   29   30   31   32   61   62   63   64   29   30   31   32   61   62   63   64 
  30   32   62   64   30   32   62   64   30   32   62   64   30   32   62   64   30   32   62   64   30   32   62   64   30   32   62   64   30   32   62   64   30   32   62   64   30   32   62   64   30   32   62   64   30   32   62   64   30   32   62   64   30   32   62   64   30   32   62   64   30   32   62   64 
  31   32   63   64   31   32   63   64   31   32   63   64   31   32   63   64   31   32   63   64   31   32   63   64   31   32   63   64   31   32   63   64   31   32   63   64   31   32   63   64   31   32   63   64   31   32   63   64   31   32   63   64   31   32   63   64   31   32   63   64   31   32   63   64 
  32   64   32   64   32   64   32   64   32   64   32   64   32   64   32   64   32   64   32   64   32   64   32   64   32   64   32   64   32   64   32   64   32   64   32   64   32   64   32   64   32   64   32   64   32   64   32   64   32   64   32   64   32   64   32   64   32   64   32   64   32   64   32   64 
  33   34   35   36   37   38   39   40   41   42   43   44   45   46   47   48   49   50   51   52   53   54   55   56   57   58   59   60   61   62   63   64   33   34   35   36   37   38   39   40   41   42   43   44   45   46   47   48   49   50   51   52   53   54   55   56   57   58   59   60   61   62   63   64 
  34   44   46   48   50   60   62   64   34   44   46   48   50   60   62   64   34   44   46   48   50   60   62   64   34   44   46   48   50   60   62   64   34   44   46   48   50   60   62   64   34   44   46   48   50   60   62   64   34   44   46   48   50   60   62   64   34   44   46   48   50   60   62   64 
  35   44   47   48   51   60   63   64   35   44   47   48   51   60   63   64   35   44   47   48   51   60   63   64   35   44   47   48   51   60   63   64   35   44   47   48   51   60   63   64   35   44   47   48   51   60   63   64   35   44   47   48   51   60   63   64   35   44   47   48   51   60   63   64 
  36   40   44   48   52   56   60   64   36   40   44   48   52   56   60   64   36   40   44   48   52   56   60   64   36   40   44   48   52   56   60   64   36   40   44   48   52   56   60   64   36   40   44   48   52   56   60   64   36   40   44   48   52   56   60   64   36   40   44   48   52   56   60   64 
  37   38   39   40   45   46   47   48   53   54   55   56   61   62   63   64   37   38   39   40   45   46   47   48   53   54   55   56   61   62   63   64   37   38   39   40   45   46   47   48   53   54   55   56   61   62   63   64   37   38   39   40   45   46   47   48   53   54   55   56   61   62   63   64 
  38   56   62   64   38   56   62   64   38   56   62   64   38   56   62   64   38   56   62   64   38   56   62   64   38   56   62   64   38   56   62   64   38   56   62   64   38   56   62   64   38   56   62   64   38   56   62   64   38   56   62   64   38   56   62   64   38   56   62   64   38   56   62   64 
  39   56   63   64   39   56   63   64   39   56   63   64   39   56   63   64   39   56   63   64   39   56   63   64   39   56   63   64   39   56   63   64   39   56   63   64   39   56   63   64   39   56   63   64   39   56   63   64   39   56   63   64   39   56   63   64   39   56   63   64   39   56   63   64 
  40   48   56   64   40   48   56   64   40   48   56   64   40   48   56   64   40   48   56   64   40   48   56   64   40   48   56   64   40   48   56   64   40   48   56   64   40   48   56   64   40   48   56   64   40   48   56   64   40   48   56   64   40   48   56   64   40   48   56   64   40   48   56   64 
  41   42   43   44   45   46   47   48   57   58   59   60   61   62   63   64   41   42   43   44   45   46   47   48   57   58   59   60   61   62   63   64   41   42   43   44   45   46   47   48   57   58   59   60   61   62   63   64   41   42   43   44   45   46   47   48   57   58   59   60   61   62   63   64 
  42   60   62   64   42   60   62   64   42   60   62   64   42   60   62   64   42   60   62   64   42   60   62   64   42   60   62   64   42   60   62   64   42   60   62   64   42   60   62   64   42   60   62   64   42   60   62   64   42   60   62   64   42   60   62   64   42   60   62   64   42   60   62   64 
  43   60   63   64   43   60   63   64   43   60   63   64   43   60   63   64   43   60   63   64   43   60   63   64   43   60   63   64   43   60   63   64   43   60   63   64   43   60   63   64   43   60   63   64   43   60   63   64   43   60   63   64   43   60   63   64   43   60   63   64   43   60   63   64 
  44   48   60   64   44   48   60   64   44   48   60   64   44   48   60   64   44   48   60   64   44   48   60   64   44   48   60   64   44   48   60   64   44   48   60   64   44   48   60   64   44   48   60   64   44   48   60   64   44   48   60   64   44   48   60   64   44   48   60   64   44   48   60   64 
  45   46   47   48   61   62   63   64   45   46   47   48   61   62   63   64   45   46   47   48   61   62   63   64   45   46   47   48   61   62   63   64   45   46   47   48   61   62   63   64   45   46   47   48   61   62   63   64   45   46   47   48   61   62   63   64   45   46   47   48   61   62   63   64 
  46   48   62   64   46   48   62   64   46   48   62   64   46   48   62   64   46   48   62   64   46   48   62   64   46   48   62   64   46   48   62   64   46   48   62   64   46   48   62   64   46   48   62   64   46   48   62   64   46   48   62   64   46   48   62   64   46   48   62   64   46   48   62   64 
  47   48   63   64   47   48   63   64   47   48   63   64   47   48   63   64   47   48   63   64   47   48   63   64   47   48   63   64   47   48   63   64   47   48   63   64   47   48   63   64   47   48   63   64   47   48   63   64   47   48   63   64   47   48   63   64   47   48   63   64   47   48   63   64 
  48   64   48   64   48   64   48   64   48   64   48   64   48   64   48   64   48   64   48   64   48   64   48   64   48   64   48   64   48   64   48   64   48   64   48   64   48   64   48   64   48   64   48   64   48   64   48   64   48   64   48   64   48   64   48   64   48   64   48   64   48   64   48   64 
  49   50   51   52   53   54   55   56   57   58   59   60   61   62   63   64   49   50   51   52   53   54   55   56   57   58   59   60   61   62   63   64   49   50   51   52   53   54   55   56   57   58   59   60   61   62   63   64   49   50   51   52   53   54   55   56   57   58   59   60   61   62   63   64 
  50   60   62   64   50   60   62   64   50   60   62   64   50   60   62   64   50   60   62   64   50   60   62   64   50   60   62   64   50   60   62   64   50   60   62   64   50   60   62   64   50   60   62   64   50   60   62   64   50   60   62   64   50   60   62   64   50   60   62   64   50   60   62   64 
  51   60   63   64   51   60   63   64   51   60   63   64   51   60   63   64   51   60   63   64   51   60   63   64   51   60   63   64   51   60   63   64   51   60   63   64   51   60   63   64   51   60   63   64   51   60   63   64   51   60   63   64   51   60   63   64   51   60   63   64   51   60   63   64 
  52   56   60   64   52   56   60   64   52   56   60   64   52   56   60   64   52   56   60   64   52   56   60   64   52   56   60   64   52   56   60   64   52   56   60   64   52   56   60   64   52   56   60   64   52   56   60   64   52   56   60   64   52   56   60   64   52   56   60   64   52   56   60   64 
  53   54   55   56   61   62   63   64   53   54   55   56   61   62   63   64   53   54   55   56   61   62   63   64   53   54   55   56   61   62   63   64   53   54   55   56   61   62   63   64   53   54   55   56   61   62   63   64   53   54   55   56   61   62   63   64   53   54   55   56   61   62   63   64 
  54   56   62   64   54   56   62   64   54   56   62   64   54   56   62   64   54   56   62   64   54   56   62   64   54   56   62   64   54   56   62   64   54   56   62   64   54   56   62   64   54   56   62   64   54   56   62   64   54   56   62   64   54   56   62   64   54   56   62   64   54   56   62   64 
  55   56   63   64   55   56   63   64   55   56   63   64   55   56   63   64   55   56   63   64   55   56   63   64   55   56   63   64   55   56   63   64   55   56   63   64   55   56   63   64   55   56   63   64   55   56   63   64   55   56   63   64   55   56   63   64   55   56   63   64   55   56   63   64 
  56   64   56   64   56   64   56   64   56   64   56   64   56   64   56   64   56   64   56   64   56   64   56   64   56   64   56   64   56   64   56   64   56   64   56   64   56   64   56   64   56   64   56   64   56   64   56   64   56   64   56   64   56   64   56   64   56   64   56   64   56   64   56   64 
  57   58   59   60   61   62   63   64   57   58   59   60   61   62   63   64   57   58   59   60   61   62   63   64   57   58   59   60   61   62   63   64   57   58   59   60   61   62   63   64   57   58   59   60   61   62   63   64   57   58   59   60   61   62   63   64   57   58   59   60   61   62   63   64 
  58   60   62   64   58   60   62   64   58   60   62   64   58   60   62   64   58   60   62   64   58   60   62   64   58   60   62   64   58   60   62   64   58   60   62   64   58   60   62   64   58   60   62   64   58   60   62   64   58   60   62   64   58   60   62   64   58   60   62   64   58   60   62   64 
  59   60   63   64   59   60   63   64   59   60   63   64   59   60   63   64   59   60   63   64   59   60   63   64   59   60   63   64   59   60   63   64   59   60   63   64   59   60   63   64   59   60   63   64   59   60   63   64   59   60   63   64   59   60   63   64   59   60   63   64   59   60   63   64 
  60   64   60   64   60   64   60   64   60   64   60   64   60   64   60   64   60   64   60   64   60   64   60   64   60   64   60   64   60   64   60   64   60   64   60   64   60   64   60   64   60   64   60   64   60   64   60   64   60   64   60   64   60   64   60   64   60   64   60   64   60   64   60   64 
  61   62   63   64   61   62   63   64   61   62   63   64   61   62   63   64   61   62   63   64   61   62   63   64   61   62   63   64   61   62   63   64   61   62   63   64   61   62   63   64   61   62   63   64   61   62   63   64   61   62   63   64   61   62   63   64   61   62   63   64   61   62   63   64 
  62   64   62   64   62   64   62   64   62   64   62   64   62   64   62   64   62   64   62   64   62   64   62   64   62   64   62   64   62   64   62   64   62   64   62   64   62   64   62   64   62   64   62   64   62   64   62   64   62   64   62   64   62   64   62   64   62   64   62   64   62   64   62   64 
  63   64   63   64   63   64   63   64   63   64   63   64   63   64   63   64   63   64   63   64   63   64   63   64   63   64   63   64   63   64   63   64   63   64   63   64   63   64   63   64   63   64   63   64   63   64   63   64   63   64   63   64   63   64   63   64   63   64   63   64   63   64   63   64 
  64   64   64   64   64   64   64   64   64   64   64   64   64   64   64   64   64   64   64   64   64   64   64   64   64   64   64   64   64   64   64   64   64   64   64   64   64   64   64   64   64   64   64   64   64   64   64   64   64   64   64   64   64   64   64   64   64   64   64   64   64   64   64   64 
   1    2    3    4    5    6    7    8    9   10   11   12   13   14   15   16   17   18   19   20   21   22   23   24   25   26   27   28   29   30   31   32   33   34   35   36   37   38   39   40   41   42   43   44   45   46   47   48   49   50   51   52   53   54   55   56   57   58   59   60   61   62   63   64 
